#				Salinity #242, -7.7(0)
#Record	Time tag (Gmt)	AirSaturation(%)	Temperature(Deg.C)	Salinity(PSU)
11	2013-04-25T15:30:40Z	52.543	5.353	26.006
12	2013-04-25T16:00:40Z	52.100	5.293	26.114
13	2013-04-25T16:30:40Z	49.487	5.268	26.180
14	2013-04-25T17:00:40Z	49.958	5.261	26.161
15	2013-04-25T17:30:40Z	43.367	5.239	26.396
16	2013-04-25T18:00:40Z	43.484	5.234	26.271
17	2013-04-25T18:30:40Z	44.497	5.230	26.308
18	2013-04-25T19:00:40Z	40.243	5.234	26.554
19	2013-04-25T19:30:40Z	33.568	5.249	26.383
20	2013-04-25T20:00:40Z	33.484	5.250	26.534
21	2013-04-25T20:30:40Z	35.346	5.254	26.444
22	2013-04-25T21:00:40Z	44.406	5.255	26.393
23	2013-04-25T21:30:40Z	45.581	5.258	26.515
24	2013-04-25T22:00:40Z	43.518	5.258	26.391
25	2013-04-25T22:30:40Z	44.890	5.259	26.464
26	2013-04-25T23:00:40Z	34.537	5.250	26.493
27	2013-04-25T23:30:40Z	34.363	5.237	26.502
28	2013-04-26T00:00:40Z	42.788	5.209	26.368
29	2013-04-26T00:30:40Z	42.392	5.220	26.289
30	2013-04-26T01:00:40Z	43.714	5.222	26.208
31	2013-04-26T01:30:40Z	48.423	5.239	26.140
32	2013-04-26T02:00:40Z	50.409	5.252	26.113
33	2013-04-26T02:30:40Z	53.532	5.287	26.087
34	2013-04-26T03:00:40Z	62.488	5.348	25.687
35	2013-04-26T03:30:40Z	64.932	5.389	25.556
36	2013-04-26T04:00:40Z	56.019	5.332	25.925
37	2013-04-26T04:30:40Z	60.014	5.351	25.953
38	2013-04-26T05:00:40Z	51.377	5.296	26.004
39	2013-04-26T05:30:40Z	52.496	5.300	25.968
40	2013-04-26T06:00:40Z	51.610	5.292	25.932
41	2013-04-26T06:30:40Z	52.942	5.282	25.949
42	2013-04-26T07:00:40Z	56.467	5.325	25.830
43	2013-04-26T07:30:40Z	60.283	5.357	25.767
44	2013-04-26T08:00:40Z	58.370	5.354	25.859
45	2013-04-26T08:30:40Z	55.219	5.317	25.939
46	2013-04-26T09:00:40Z	58.900	5.361	25.881
47	2013-04-26T09:30:40Z	62.919	5.449	25.693
48	2013-04-26T10:00:40Z	61.237	5.476	25.628
49	2013-04-26T10:30:40Z	62.387	5.476	25.548
50	2013-04-26T11:00:40Z	58.987	5.409	25.829
51	2013-04-26T11:30:40Z	57.506	5.405	25.769
52	2013-04-26T12:00:40Z	53.948	5.335	25.943
53	2013-04-26T12:30:40Z	54.062	5.340	25.889
54	2013-04-26T13:00:40Z	53.219	5.321	25.920
55	2013-04-26T13:30:40Z	55.134	5.328	25.968
56	2013-04-26T14:00:40Z	54.151	5.373	25.792
57	2013-04-26T14:30:40Z	54.333	5.355	25.857
58	2013-04-26T15:00:40Z	54.458	5.322	26.035
59	2013-04-26T15:30:40Z	55.018	5.333	25.969
60	2013-04-26T16:00:40Z	54.860	5.319	25.929
61	2013-04-26T16:30:40Z	53.365	5.311	25.997
62	2013-04-26T17:00:40Z	46.904	5.256	26.195
63	2013-04-26T17:30:40Z	40.262	5.250	26.386
64	2013-04-26T18:00:40Z	36.704	5.255	26.461
65	2013-04-26T18:30:40Z	35.521	5.261	26.417
66	2013-04-26T19:00:40Z	33.717	5.262	26.484
67	2013-04-26T19:30:40Z	33.884	5.254	26.468
68	2013-04-26T20:00:40Z	33.512	5.248	26.469
69	2013-04-26T20:30:40Z	31.992	5.241	26.517
70	2013-04-26T21:00:40Z	31.768	5.252	26.618
71	2013-04-26T21:30:40Z	31.618	5.250	26.522
72	2013-04-26T22:00:40Z	30.976	5.251	26.586
73	2013-04-26T22:30:40Z	30.491	5.265	26.684
74	2013-04-26T23:00:40Z	32.496	5.258	26.533
75	2013-04-26T23:30:40Z	33.081	5.258	26.590
76	2013-04-27T00:00:40Z	34.338	5.245	26.513
77	2013-04-27T00:30:40Z	38.528	5.233	26.403
78	2013-04-27T01:00:40Z	42.989	5.239	26.285
79	2013-04-27T01:30:40Z	45.959	5.249	26.137
80	2013-04-27T02:00:40Z	46.115	5.244	26.109
81	2013-04-27T02:30:40Z	55.425	5.274	25.936
82	2013-04-27T03:00:40Z	63.280	5.309	25.767
83	2013-04-27T03:30:40Z	66.361	5.356	25.707
84	2013-04-27T04:00:40Z	70.143	5.447	25.337
85	2013-04-27T04:30:40Z	74.884	5.537	25.168
86	2013-04-27T05:00:40Z	59.146	5.334	25.879
87	2013-04-27T05:30:40Z	52.833	5.297	26.032
88	2013-04-27T06:00:40Z	49.007	5.279	26.141
89	2013-04-27T06:30:40Z	46.931	5.269	26.091
90	2013-04-27T07:00:40Z	46.694	5.268	26.012
91	2013-04-27T07:30:40Z	48.416	5.274	26.069
92	2013-04-27T08:00:40Z	49.854	5.282	26.066
93	2013-04-27T08:30:40Z	48.361	5.278	26.066
94	2013-04-27T09:00:40Z	49.391	5.282	26.020
95	2013-04-27T09:30:40Z	56.733	5.277	25.943
96	2013-04-27T10:00:40Z	55.982	5.358	25.815
97	2013-04-27T10:30:40Z	53.730	5.379	25.848
98	2013-04-27T11:00:40Z	54.714	5.355	25.908
99	2013-04-27T11:30:40Z	55.057	5.380	25.836
100	2013-04-27T12:00:40Z	56.038	5.418	25.727
101	2013-04-27T12:30:40Z	59.151	5.473	25.711
102	2013-04-27T13:00:40Z	59.321	5.487	25.808
103	2013-04-27T13:30:40Z	57.896	5.475	25.666
104	2013-04-27T14:00:40Z	65.541	5.507	25.561
105	2013-04-27T14:30:40Z	68.576	5.475	25.465
106	2013-04-27T15:00:40Z	69.161	5.457	25.557
107	2013-04-27T15:30:40Z	62.779	5.400	25.714
108	2013-04-27T16:00:40Z	61.778	5.453	25.694
109	2013-04-27T16:30:40Z	63.414	5.481	25.698
110	2013-04-27T17:00:40Z	64.986	5.487	25.606
111	2013-04-27T17:30:40Z	69.997	5.537	25.597
112	2013-04-27T18:00:40Z	70.891	5.531	25.656
113	2013-04-27T18:30:40Z	65.316	5.417	25.948
114	2013-04-27T19:00:40Z	51.545	5.334	26.071
115	2013-04-27T19:30:40Z	46.762	5.272	26.164
116	2013-04-27T20:00:40Z	44.600	5.255	26.253
117	2013-04-27T20:30:40Z	45.809	5.260	26.078
118	2013-04-27T21:00:40Z	43.075	5.251	26.323
119	2013-04-27T21:30:40Z	38.446	5.252	26.394
120	2013-04-27T22:00:40Z	42.780	5.251	26.295
121	2013-04-27T22:30:40Z	43.872	5.250	26.219
122	2013-04-27T23:00:40Z	45.014	5.253	26.144
123	2013-04-27T23:30:40Z	49.039	5.286	26.040
124	2013-04-28T00:00:40Z	51.936	5.306	25.901
125	2013-04-28T00:30:40Z	49.900	5.287	26.002
126	2013-04-28T01:00:40Z	49.029	5.268	26.070
127	2013-04-28T01:30:40Z	47.238	5.259	26.205
128	2013-04-28T02:00:40Z	48.336	5.266	26.033
129	2013-04-28T02:30:40Z	57.154	5.335	25.821
130	2013-04-28T03:00:40Z	56.383	5.334	25.777
131	2013-04-28T03:30:40Z	55.075	5.321	25.879
132	2013-04-28T04:00:40Z	57.098	5.383	25.738
133	2013-04-28T04:30:40Z	55.890	5.417	25.783
134	2013-04-28T05:00:40Z	54.724	5.353	25.781
135	2013-04-28T05:30:40Z	51.082	5.305	25.964
136	2013-04-28T06:00:40Z	50.819	5.283	25.988
137	2013-04-28T06:30:40Z	50.725	5.292	25.947
138	2013-04-28T07:00:40Z	49.988	5.282	26.096
139	2013-04-28T07:30:40Z	43.922	5.264	26.122
140	2013-04-28T08:00:40Z	45.050	5.266	26.166
141	2013-04-28T08:30:40Z	46.168	5.270	26.090
142	2013-04-28T09:00:40Z	43.723	5.261	26.211
143	2013-04-28T09:30:40Z	41.510	5.252	26.324
144	2013-04-28T10:00:40Z	41.362	5.251	26.336
145	2013-04-28T10:30:40Z	39.435	5.247	26.350
146	2013-04-28T11:00:40Z	39.357	5.249	26.323
147	2013-04-28T11:30:40Z	43.650	5.254	26.275
148	2013-04-28T12:00:40Z	43.161	5.254	26.259
149	2013-04-28T12:30:40Z	44.349	5.258	26.174
150	2013-04-28T13:00:40Z	44.986	5.260	26.208
151	2013-04-28T13:30:40Z	36.203	5.250	26.422
152	2013-04-28T14:00:40Z	37.990	5.250	26.387
153	2013-04-28T14:30:40Z	37.103	5.251	26.467
154	2013-04-28T15:00:40Z	42.376	5.250	26.197
155	2013-04-28T15:30:40Z	39.549	5.250	26.356
156	2013-04-28T16:00:40Z	35.937	5.254	26.384
157	2013-04-28T16:30:40Z	36.569	5.256	26.525
158	2013-04-28T17:00:40Z	39.554	5.258	26.319
159	2013-04-28T17:30:40Z	40.617	5.264	26.167
160	2013-04-28T18:00:40Z	40.138	5.260	26.244
161	2013-04-28T18:30:40Z	39.695	5.260	26.288
162	2013-04-28T19:00:40Z	39.690	5.260	26.421
163	2013-04-28T19:30:40Z	34.823	5.263	26.496
164	2013-04-28T20:00:40Z	31.327	5.273	26.592
165	2013-04-28T20:30:40Z	29.694	5.281	26.636
166	2013-04-28T21:00:40Z	28.472	5.287	26.680
167	2013-04-28T21:30:40Z	31.528	5.264	26.577
168	2013-04-28T22:00:40Z	22.183	5.315	26.722
169	2013-04-28T22:30:40Z	26.646	5.300	26.612
170	2013-04-28T23:00:40Z	32.000	5.272	26.638
171	2013-04-28T23:30:40Z	26.898	5.288	26.590
172	2013-04-29T00:00:40Z	29.812	5.273	26.489
173	2013-04-29T00:30:40Z	35.427	5.265	26.511
174	2013-04-29T01:00:40Z	30.329	5.273	26.546
175	2013-04-29T01:30:40Z	28.547	5.277	26.611
176	2013-04-29T02:00:40Z	33.356	5.266	26.467
177	2013-04-29T02:30:40Z	36.026	5.257	26.616
178	2013-04-29T03:00:40Z	38.339	5.254	26.372
179	2013-04-29T03:30:40Z	42.898	5.261	26.241
180	2013-04-29T04:00:40Z	41.732	5.260	26.330
181	2013-04-29T04:30:40Z	38.603	5.260	26.318
182	2013-04-29T05:00:40Z	39.227	5.269	26.285
183	2013-04-29T05:30:40Z	39.075	5.264	26.289
184	2013-04-29T06:00:40Z	34.536	5.265	26.413
185	2013-04-29T06:30:40Z	34.391	5.262	26.426
186	2013-04-29T07:00:40Z	34.504	5.262	26.426
187	2013-04-29T07:30:40Z	31.339	5.267	26.485
188	2013-04-29T08:00:40Z	28.393	5.280	26.571
189	2013-04-29T08:30:40Z	27.191	5.292	26.636
190	2013-04-29T09:00:40Z	19.013	5.350	26.815
191	2013-04-29T09:30:40Z	16.716	5.374	26.814
192	2013-04-29T10:00:40Z	24.692	5.336	26.824
193	2013-04-29T10:30:40Z	17.110	5.370	26.825
194	2013-04-29T11:00:40Z	17.859	5.365	26.886
195	2013-04-29T11:30:40Z	16.387	5.379	26.822
196	2013-04-29T12:00:40Z	19.044	5.371	26.868
197	2013-04-29T12:30:40Z	20.390	5.354	26.759
198	2013-04-29T13:00:40Z	23.068	5.337	26.809
199	2013-04-29T13:30:40Z	25.227	5.302	26.659
200	2013-04-29T14:00:40Z	25.118	5.298	26.612
201	2013-04-29T14:30:40Z	27.663	5.287	26.623
202	2013-04-29T15:00:40Z	29.265	5.282	26.499
203	2013-04-29T15:30:40Z	32.535	5.272	26.443
204	2013-04-29T16:00:40Z	32.058	5.275	26.473
205	2013-04-29T16:30:40Z	32.255	5.277	26.483
206	2013-04-29T17:00:40Z	33.850	5.274	26.379
207	2013-04-29T17:30:40Z	34.215	5.271	26.490
208	2013-04-29T18:00:40Z	26.915	5.289	26.627
209	2013-04-29T18:30:40Z	28.106	5.288	26.634
210	2013-04-29T19:00:40Z	23.931	5.313	26.742
211	2013-04-29T19:30:40Z	21.845	5.343	26.828
212	2013-04-29T20:00:40Z	21.133	5.348	26.832
213	2013-04-29T20:30:40Z	13.459	5.418	26.983
214	2013-04-29T21:00:40Z	17.020	5.401	26.910
215	2013-04-29T21:30:40Z	12.898	5.433	26.981
216	2013-04-29T22:00:40Z	14.505	5.407	26.843
217	2013-04-29T22:30:40Z	14.439	5.415	26.915
218	2013-04-29T23:00:40Z	20.045	5.368	26.738
219	2013-04-29T23:30:40Z	22.407	5.347	26.846
220	2013-04-30T00:00:40Z	14.278	5.412	26.957
221	2013-04-30T00:30:40Z	12.596	5.434	26.973
222	2013-04-30T01:00:40Z	11.305	5.447	26.989
223	2013-04-30T01:30:40Z	8.203	5.464	27.027
224	2013-04-30T02:00:40Z	8.599	5.458	26.982
225	2013-04-30T02:30:40Z	10.356	5.452	26.981
226	2013-04-30T03:00:40Z	9.818	5.444	26.968
227	2013-04-30T03:30:40Z	10.050	5.437	26.958
228	2013-04-30T04:00:40Z	12.390	5.420	26.952
229	2013-04-30T04:30:40Z	15.628	5.394	26.875
230	2013-04-30T05:00:40Z	15.287	5.403	26.902
231	2013-04-30T05:30:40Z	19.799	5.360	26.743
232	2013-04-30T06:00:40Z	22.771	5.347	26.849
233	2013-04-30T06:30:40Z	21.225	5.353	26.799
234	2013-04-30T07:00:40Z	19.730	5.358	26.809
235	2013-04-30T07:30:40Z	18.705	5.364	26.743
236	2013-04-30T08:00:40Z	23.610	5.340	26.678
237	2013-04-30T08:30:40Z	24.421	5.331	26.721
238	2013-04-30T09:00:40Z	22.391	5.343	26.674
239	2013-04-30T09:30:40Z	18.569	5.370	26.825
240	2013-04-30T10:00:40Z	20.332	5.358	26.738
241	2013-04-30T10:30:40Z	17.136	5.382	26.810
242	2013-04-30T11:00:40Z	18.496	5.378	26.818
243	2013-04-30T11:30:40Z	22.818	5.348	26.745
244	2013-04-30T12:00:40Z	15.571	5.396	26.892
245	2013-04-30T12:30:40Z	13.916	5.402	26.811
246	2013-04-30T13:00:40Z	17.135	5.387	26.827
247	2013-04-30T13:30:40Z	21.571	5.368	26.930
248	2013-04-30T14:00:40Z	17.259	5.389	26.876
249	2013-04-30T14:30:40Z	19.050	5.384	26.770
250	2013-04-30T15:00:40Z	16.833	5.383	26.892
251	2013-04-30T15:30:40Z	23.813	5.353	26.803
252	2013-04-30T16:00:40Z	21.074	5.357	26.771
253	2013-04-30T16:30:40Z	22.450	5.355	26.769
254	2013-04-30T17:00:40Z	22.858	5.352	26.768
255	2013-04-30T17:30:40Z	21.607	5.360	26.766
256	2013-04-30T18:00:40Z	24.212	5.353	26.637
257	2013-04-30T18:30:40Z	28.322	5.351	26.615
258	2013-04-30T19:00:40Z	28.202	5.346	26.646
259	2013-04-30T19:30:40Z	31.559	5.361	26.596
260	2013-04-30T20:00:40Z	24.840	5.359	26.728
261	2013-04-30T20:30:40Z	23.397	5.369	26.657
262	2013-04-30T21:00:40Z	25.929	5.351	26.667
263	2013-04-30T21:30:40Z	27.765	5.351	26.688
264	2013-04-30T22:00:40Z	27.058	5.358	26.704
265	2013-04-30T22:30:40Z	31.362	5.358	26.622
266	2013-04-30T23:00:40Z	28.485	5.353	26.673
267	2013-04-30T23:30:40Z	33.671	5.355	26.572
268	2013-05-01T00:00:40Z	31.233	5.355	26.619
269	2013-05-01T00:30:40Z	37.171	5.369	26.464
270	2013-05-01T01:00:40Z	40.227	5.460	26.322
271	2013-05-01T01:30:40Z	60.768	5.674	25.807
272	2013-05-01T02:00:40Z	54.207	5.652	25.680
273	2013-05-01T02:30:40Z	61.067	5.663	25.563
274	2013-05-01T03:00:40Z	70.356	5.886	25.303
275	2013-05-01T03:30:40Z	72.080	5.874	25.238
276	2013-05-01T04:00:40Z	78.478	6.052	25.097
277	2013-05-01T04:30:40Z	82.008	6.188	24.922
278	2013-05-01T05:00:40Z	81.930	6.196	24.897
279	2013-05-01T05:30:40Z	82.812	6.195	24.871
280	2013-05-01T06:00:40Z	84.646	6.256	24.856
281	2013-05-01T06:30:40Z	86.148	6.321	24.766
282	2013-05-01T07:00:40Z	88.205	6.352	24.746
283	2013-05-01T07:30:40Z	87.371	6.352	24.907
284	2013-05-01T08:00:40Z	81.067	6.263	24.949
285	2013-05-01T08:30:40Z	81.447	6.290	24.923
286	2013-05-01T09:00:40Z	79.406	6.255	24.980
287	2013-05-01T09:30:40Z	78.168	6.237	25.013
288	2013-05-01T10:00:40Z	78.571	6.256	24.958
289	2013-05-01T10:30:40Z	79.421	6.279	25.020
290	2013-05-01T11:00:40Z	80.914	6.303	24.991
291	2013-05-01T11:30:40Z	77.205	6.204	25.107
292	2013-05-01T12:00:40Z	70.968	6.063	25.269
293	2013-05-01T12:30:40Z	67.347	5.921	25.468
294	2013-05-01T13:00:40Z	59.374	5.797	25.641
295	2013-05-01T13:30:40Z	54.170	5.735	25.790
296	2013-05-01T14:00:40Z	52.775	5.665	26.074
297	2013-05-01T14:30:40Z	53.246	5.678	25.937
298	2013-05-01T15:00:40Z	54.681	5.648	26.105
299	2013-05-01T15:30:40Z	51.071	5.607	26.075
300	2013-05-01T16:00:40Z	48.774	5.606	25.972
301	2013-05-01T16:30:40Z	49.675	5.599	26.122
302	2013-05-01T17:00:40Z	47.001	5.548	26.244
303	2013-05-01T17:30:40Z	43.117	5.509	26.342
304	2013-05-01T18:00:40Z	46.443	5.541	26.228
305	2013-05-01T18:30:40Z	47.695	5.572	26.192
306	2013-05-01T19:00:40Z	52.297	5.639	26.052
307	2013-05-01T19:30:40Z	56.069	5.710	25.712
308	2013-05-01T20:00:40Z	59.751	5.790	25.701
309	2013-05-01T20:30:40Z	61.937	5.796	25.805
310	2013-05-01T21:00:40Z	56.148	5.721	25.853
311	2013-05-01T21:30:40Z	60.034	5.792	25.644
312	2013-05-01T22:00:40Z	58.816	5.763	25.696
313	2013-05-01T22:30:40Z	58.096	5.768	25.744
314	2013-05-01T23:00:40Z	58.685	5.776	25.675
315	2013-05-01T23:30:40Z	57.752	5.750	25.751
316	2013-05-02T00:00:40Z	60.944	5.803	25.636
317	2013-05-02T00:30:40Z	65.254	5.923	25.471
318	2013-05-02T01:00:40Z	71.033	5.966	25.485
319	2013-05-02T01:30:40Z	66.932	5.961	25.645
320	2013-05-02T02:00:40Z	74.124	6.054	25.529
321	2013-05-02T02:30:40Z	52.944	5.746	25.871
322	2013-05-02T03:00:40Z	56.392	5.760	25.717
323	2013-05-02T03:30:40Z	56.995	5.764	25.588
324	2013-05-02T04:00:40Z	49.532	5.660	26.016
325	2013-05-02T04:30:40Z	43.054	5.575	26.079
326	2013-05-02T05:00:40Z	40.603	5.530	26.218
327	2013-05-02T05:30:40Z	42.979	5.534	26.170
328	2013-05-02T06:00:40Z	44.794	5.570	26.149
329	2013-05-02T06:30:40Z	55.516	5.710	25.897
330	2013-05-02T07:00:40Z	62.277	5.824	25.732
331	2013-05-02T07:30:40Z	63.867	5.846	25.664
332	2013-05-02T08:00:40Z	59.315	5.840	25.672
333	2013-05-02T08:30:40Z	50.103	5.688	25.972
334	2013-05-02T09:00:40Z	47.195	5.621	26.055
335	2013-05-02T09:30:40Z	43.809	5.581	26.130
336	2013-05-02T10:00:40Z	43.068	5.561	26.175
337	2013-05-02T10:30:40Z	43.149	5.562	26.162
338	2013-05-02T11:00:40Z	42.189	5.539	26.216
339	2013-05-02T11:30:40Z	39.474	5.507	26.297
340	2013-05-02T12:00:40Z	39.984	5.509	26.323
341	2013-05-02T12:30:40Z	35.062	5.485	26.384
342	2013-05-02T13:00:40Z	30.697	5.450	26.519
343	2013-05-02T13:30:40Z	31.334	5.439	26.587
344	2013-05-02T14:00:40Z	32.593	5.441	26.399
345	2013-05-02T14:30:40Z	29.412	5.424	26.632
346	2013-05-02T15:00:40Z	31.343	5.432	26.531
347	2013-05-02T15:30:40Z	30.243	5.434	26.551
348	2013-05-02T16:00:40Z	28.312	5.433	26.548
349	2013-05-02T16:30:40Z	32.449	5.442	26.380
350	2013-05-02T17:00:40Z	32.463	5.446	26.372
351	2013-05-02T17:30:40Z	39.207	5.495	26.307
352	2013-05-02T18:00:40Z	37.284	5.481	26.331
353	2013-05-02T18:30:40Z	40.583	5.509	26.282
354	2013-05-02T19:00:40Z	39.217	5.497	26.381
355	2013-05-02T19:30:40Z	39.816	5.511	26.231
356	2013-05-02T20:00:40Z	43.104	5.521	26.206
357	2013-05-02T20:30:40Z	41.957	5.512	26.183
358	2013-05-02T21:00:40Z	52.452	5.669	26.075
359	2013-05-02T21:30:40Z	52.714	5.715	25.499
360	2013-05-02T22:00:40Z	51.404	5.681	26.135
361	2013-05-02T22:30:40Z	59.458	5.856	25.885
362	2013-05-02T23:00:40Z	66.040	5.904	25.254
363	2013-05-02T23:30:40Z	73.218	6.010	25.273
364	2013-05-03T00:00:40Z	67.373	6.011	25.594
365	2013-05-03T00:30:40Z	65.544	6.069	25.304
366	2013-05-03T01:00:40Z	59.870	5.980	25.508
367	2013-05-03T01:30:40Z	65.039	5.926	25.487
368	2013-05-03T02:00:40Z	65.033	5.901	25.401
369	2013-05-03T02:30:40Z	63.554	5.864	25.567
370	2013-05-03T03:00:40Z	62.213	5.841	25.531
371	2013-05-03T03:30:40Z	67.181	5.912	25.444
372	2013-05-03T04:00:40Z	69.564	5.983	25.318
373	2013-05-03T04:30:40Z	70.369	5.990	25.363
374	2013-05-03T05:00:40Z	73.475	6.143	25.254
375	2013-05-03T05:30:40Z	79.774	6.292	25.054
376	2013-05-03T06:00:40Z	83.013	6.403	24.910
377	2013-05-03T06:30:40Z	83.565	6.432	24.828
378	2013-05-03T07:00:40Z	86.474	6.446	24.775
379	2013-05-03T07:30:40Z	90.182	6.601	24.666
380	2013-05-03T08:00:40Z	91.800	6.676	24.594
381	2013-05-03T08:30:40Z	91.543	6.670	24.587
382	2013-05-03T09:00:40Z	93.841	6.722	24.580
383	2013-05-03T09:30:40Z	93.147	6.732	24.637
384	2013-05-03T10:00:40Z	93.283	6.747	24.578
385	2013-05-03T10:30:40Z	92.503	6.752	24.588
386	2013-05-03T11:00:40Z	93.450	6.779	24.570
387	2013-05-03T11:30:40Z	94.269	6.804	24.525
388	2013-05-03T12:00:40Z	92.043	6.699	24.573
389	2013-05-03T12:30:40Z	71.805	6.151	25.181
390	2013-05-03T13:00:40Z	74.416	6.161	25.152
391	2013-05-03T13:30:40Z	73.259	6.184	25.144
392	2013-05-03T14:00:40Z	63.640	6.064	25.454
393	2013-05-03T14:30:40Z	62.017	6.007	25.560
394	2013-05-03T15:00:40Z	64.347	6.011	25.634
395	2013-05-03T15:30:40Z	63.925	6.050	25.508
396	2013-05-03T16:00:40Z	55.233	5.882	25.849
397	2013-05-03T16:30:40Z	50.313	5.775	26.065
398	2013-05-03T17:00:40Z	46.536	5.705	26.027
399	2013-05-03T17:30:40Z	48.026	5.691	26.077
400	2013-05-03T18:00:40Z	42.918	5.630	26.253
401	2013-05-03T18:30:40Z	41.396	5.613	26.273
402	2013-05-03T19:00:40Z	37.071	5.580	26.297
403	2013-05-03T19:30:40Z	38.748	5.566	26.327
404	2013-05-03T20:00:40Z	40.175	5.578	26.221
405	2013-05-03T20:30:40Z	50.533	5.707	26.068
406	2013-05-03T21:00:40Z	54.028	5.818	25.921
407	2013-05-03T21:30:40Z	53.668	5.835	25.897
408	2013-05-03T22:00:40Z	53.985	5.837	25.738
409	2013-05-03T22:30:40Z	54.687	5.821	25.737
410	2013-05-03T23:00:40Z	62.128	5.965	25.555
411	2013-05-03T23:30:40Z	66.431	5.968	25.515
412	2013-05-04T00:00:40Z	71.229	6.058	25.294
413	2013-05-04T00:30:40Z	71.794	6.088	25.266
414	2013-05-04T01:00:40Z	76.985	6.190	25.104
415	2013-05-04T01:30:40Z	81.487	6.315	25.003
416	2013-05-04T02:00:40Z	77.738	6.279	25.026
417	2013-05-04T02:30:40Z	77.928	6.293	24.993
418	2013-05-04T03:00:40Z	78.897	6.313	25.010
419	2013-05-04T03:30:40Z	79.555	6.330	24.980
420	2013-05-04T04:00:40Z	81.423	6.362	24.964
421	2013-05-04T04:30:40Z	72.566	6.188	25.231
422	2013-05-04T05:00:40Z	71.317	6.172	25.175
423	2013-05-04T05:30:40Z	81.546	6.361	24.952
424	2013-05-04T06:00:40Z	82.674	6.382	24.906
425	2013-05-04T06:30:40Z	76.321	6.283	25.098
426	2013-05-04T07:00:40Z	77.507	6.261	25.241
427	2013-05-04T07:30:40Z	83.578	6.412	24.914
428	2013-05-04T08:00:40Z	85.245	6.483	24.794
429	2013-05-04T08:30:40Z	86.743	6.521	24.825
430	2013-05-04T09:00:40Z	87.618	6.549	24.761
431	2013-05-04T09:30:40Z	87.759	6.562	24.754
432	2013-05-04T10:00:40Z	88.373	6.585	24.693
433	2013-05-04T10:30:40Z	88.607	6.603	24.706
434	2013-05-04T11:00:40Z	89.225	6.623	24.661
435	2013-05-04T11:30:40Z	89.062	6.630	24.700
436	2013-05-04T12:00:40Z	90.198	6.656	24.704
437	2013-05-04T12:30:40Z	88.220	6.627	24.731
438	2013-05-04T13:00:40Z	84.458	6.465	24.967
439	2013-05-04T13:30:40Z	70.064	6.234	25.392
440	2013-05-04T14:00:40Z	59.892	6.045	25.625
441	2013-05-04T14:30:40Z	51.833	5.888	25.843
442	2013-05-04T15:00:40Z	47.695	5.743	25.932
443	2013-05-04T15:30:40Z	45.076	5.664	26.146
444	2013-05-04T16:00:40Z	40.891	5.604	26.230
445	2013-05-04T16:30:40Z	37.323	5.589	26.311
446	2013-05-04T17:00:40Z	31.928	5.532	26.365
447	2013-05-04T17:30:40Z	27.911	5.469	26.603
448	2013-05-04T18:00:40Z	20.788	5.447	26.692
449	2013-05-04T18:30:40Z	21.485	5.441	26.738
450	2013-05-04T19:00:40Z	24.342	5.446	26.639
451	2013-05-04T19:30:40Z	23.744	5.446	26.695
452	2013-05-04T20:00:40Z	25.944	5.448	26.552
453	2013-05-04T20:30:40Z	25.833	5.451	26.567
454	2013-05-04T21:00:40Z	25.256	5.454	26.586
455	2013-05-04T21:30:40Z	26.199	5.456	26.502
456	2013-05-04T22:00:40Z	25.824	5.455	26.572
457	2013-05-04T22:30:40Z	29.339	5.473	26.479
458	2013-05-04T23:00:40Z	27.481	5.465	26.548
459	2013-05-04T23:30:40Z	24.971	5.484	26.555
460	2013-05-05T00:00:40Z	31.359	5.540	26.488
461	2013-05-05T00:30:40Z	25.536	5.475	26.585
462	2013-05-05T01:00:40Z	30.840	5.506	26.470
463	2013-05-05T01:30:40Z	33.634	5.540	26.370
464	2013-05-05T02:00:40Z	36.290	5.592	26.323
465	2013-05-05T02:30:40Z	36.753	5.670	26.331
466	2013-05-05T03:00:40Z	33.567	5.599	26.413
467	2013-05-05T03:30:40Z	26.549	5.536	26.635
468	2013-05-05T04:00:40Z	22.186	5.511	26.671
469	2013-05-05T04:30:40Z	24.335	5.487	26.609
470	2013-05-05T05:00:40Z	27.528	5.512	26.532
471	2013-05-05T05:30:40Z	28.286	5.497	26.752
472	2013-05-05T06:00:40Z	37.921	5.751	26.379
473	2013-05-05T06:30:40Z	41.153	5.738	26.242
474	2013-05-05T07:00:40Z	48.699	5.812	25.937
475	2013-05-05T07:30:40Z	58.641	5.965	25.903
476	2013-05-05T08:00:40Z	68.928	6.202	25.415
477	2013-05-05T08:30:40Z	83.362	6.530	25.084
478	2013-05-05T09:00:40Z	92.329	6.861	24.684
479	2013-05-05T09:30:40Z	95.769	7.089	24.658
480	2013-05-05T10:00:40Z	84.873	6.673	24.959
481	2013-05-05T10:30:40Z	85.642	6.796	24.712
482	2013-05-05T11:00:40Z	94.200	7.020	24.537
483	2013-05-05T11:30:40Z	95.042	7.061	24.547
484	2013-05-05T12:00:40Z	94.704	7.068	24.560
485	2013-05-05T12:30:40Z	90.144	6.921	24.666
486	2013-05-05T13:00:40Z	88.496	6.789	24.649
487	2013-05-05T13:30:40Z	84.892	6.683	24.720
488	2013-05-05T14:00:40Z	83.055	6.595	24.737
489	2013-05-05T14:30:40Z	48.130	5.890	25.745
490	2013-05-05T15:00:40Z	47.208	5.801	25.931
491	2013-05-05T15:30:40Z	48.045	5.814	25.974
492	2013-05-05T16:00:40Z	42.608	5.671	26.067
493	2013-05-05T16:30:40Z	43.100	5.672	26.166
494	2013-05-05T17:00:40Z	45.536	5.724	26.072
495	2013-05-05T17:30:40Z	46.480	5.729	26.020
496	2013-05-05T18:00:40Z	41.313	5.610	26.232
497	2013-05-05T18:30:40Z	42.527	5.595	26.137
498	2013-05-05T19:00:40Z	42.309	5.587	26.237
499	2013-05-05T19:30:40Z	39.678	5.571	26.279
500	2013-05-05T20:00:40Z	42.081	5.586	26.169
501	2013-05-05T20:30:40Z	41.823	5.624	26.213
502	2013-05-05T21:00:40Z	46.645	5.673	26.024
503	2013-05-05T21:30:40Z	49.949	5.771	25.905
504	2013-05-05T22:00:40Z	51.928	5.828	25.894
505	2013-05-05T22:30:40Z	57.512	5.943	25.748
506	2013-05-05T23:00:40Z	65.228	6.147	25.425
507	2013-05-05T23:30:40Z	72.456	6.335	25.198
508	2013-05-06T00:00:40Z	78.727	6.489	24.964
509	2013-05-06T00:30:40Z	81.654	6.573	24.913
510	2013-05-06T01:00:40Z	84.942	6.683	24.762
511	2013-05-06T01:30:40Z	87.600	6.760	24.627
512	2013-05-06T02:00:40Z	89.735	6.854	24.609
513	2013-05-06T02:30:40Z	87.212	6.797	24.748
514	2013-05-06T03:00:40Z	80.089	6.585	24.853
515	2013-05-06T03:30:40Z	79.742	6.545	25.158
516	2013-05-06T04:00:40Z	76.790	6.453	25.179
517	2013-05-06T04:30:40Z	75.834	6.411	25.220
518	2013-05-06T05:00:40Z	75.509	6.387	25.246
519	2013-05-06T05:30:40Z	75.153	6.402	25.110
520	2013-05-06T06:00:40Z	68.226	6.232	25.285
521	2013-05-06T06:30:40Z	74.791	6.312	25.149
522	2013-05-06T07:00:40Z	67.672	6.194	25.398
523	2013-05-06T07:30:40Z	68.039	6.210	25.362
524	2013-05-06T08:00:40Z	72.139	6.305	25.275
525	2013-05-06T08:30:40Z	69.177	6.240	25.347
526	2013-05-06T09:00:40Z	66.089	6.175	25.388
527	2013-05-06T09:30:40Z	71.718	6.283	25.267
528	2013-05-06T10:00:40Z	78.417	6.460	25.180
529	2013-05-06T10:30:40Z	84.164	6.616	24.939
530	2013-05-06T11:00:40Z	85.289	6.694	24.766
531	2013-05-06T11:30:40Z	85.900	6.688	24.787
532	2013-05-06T12:00:40Z	88.157	6.782	24.691
533	2013-05-06T12:30:40Z	91.058	6.876	24.664
534	2013-05-06T13:00:40Z	89.177	6.842	24.691
535	2013-05-06T13:30:40Z	90.229	6.880	24.659
536	2013-05-06T14:00:40Z	92.105	6.949	24.628
537	2013-05-06T14:30:40Z	90.259	6.885	24.635
538	2013-05-06T15:00:40Z	85.848	6.744	24.827
539	2013-05-06T15:30:40Z	79.847	6.553	25.001
540	2013-05-06T16:00:40Z	81.379	6.606	24.928
541	2013-05-06T16:30:40Z	73.186	6.475	25.128
542	2013-05-06T17:00:40Z	80.180	6.504	25.071
543	2013-05-06T17:30:40Z	75.383	6.450	25.261
544	2013-05-06T18:00:40Z	75.279	6.428	25.585
545	2013-05-06T18:30:40Z	67.590	6.174	25.783
546	2013-05-06T19:00:40Z	71.863	6.306	25.288
547	2013-05-06T19:30:40Z	71.515	6.318	25.325
548	2013-05-06T20:00:40Z	75.574	6.398	25.331
549	2013-05-06T20:30:40Z	75.230	6.414	25.273
550	2013-05-06T21:00:40Z	75.689	6.408	25.285
551	2013-05-06T21:30:40Z	77.326	6.469	25.017
552	2013-05-06T22:00:40Z	82.343	6.589	24.890
553	2013-05-06T22:30:40Z	88.526	6.785	24.721
554	2013-05-06T23:00:40Z	90.075	6.880	24.685
555	2013-05-06T23:30:40Z	91.557	6.937	24.638
556	2013-05-07T00:00:40Z	92.249	6.976	24.573
557	2013-05-07T00:30:40Z	93.619	7.038	24.498
558	2013-05-07T01:00:40Z	94.609	7.103	24.496
559	2013-05-07T01:30:40Z	95.136	7.146	24.470
560	2013-05-07T02:00:40Z	96.120	7.160	24.478
561	2013-05-07T02:30:40Z	94.696	7.122	24.511
562	2013-05-07T03:00:40Z	94.961	7.146	24.449
563	2013-05-07T03:30:40Z	95.653	7.183	24.452
564	2013-05-07T04:00:40Z	95.816	7.167	24.465
565	2013-05-07T04:30:40Z	94.399	7.095	24.490
566	2013-05-07T05:00:40Z	95.081	7.097	24.515
567	2013-05-07T05:30:40Z	86.770	6.944	24.695
568	2013-05-07T06:00:40Z	88.557	6.980	24.647
569	2013-05-07T06:30:40Z	90.946	7.024	24.651
570	2013-05-07T07:00:40Z	88.418	6.972	24.678
571	2013-05-07T07:30:40Z	93.305	7.102	24.577
572	2013-05-07T08:00:40Z	87.002	6.934	24.706
573	2013-05-07T08:30:40Z	90.075	7.008	24.719
574	2013-05-07T09:00:40Z	91.511	7.076	24.606
575	2013-05-07T09:30:40Z	91.882	7.056	24.621
576	2013-05-07T10:00:40Z	83.200	6.817	24.851
577	2013-05-07T10:30:40Z	90.967	7.038	24.606
578	2013-05-07T11:00:40Z	92.847	7.107	24.597
579	2013-05-07T11:30:40Z	95.161	7.207	24.513
580	2013-05-07T12:00:40Z	96.711	7.267	24.445
581	2013-05-07T12:30:40Z	97.609	7.287	24.427
582	2013-05-07T13:00:40Z	97.686	7.325	24.420
583	2013-05-07T13:30:40Z	97.894	7.361	24.413
584	2013-05-07T14:00:40Z	96.104	7.292	24.445
585	2013-05-07T14:30:40Z	94.063	7.208	24.513
586	2013-05-07T15:00:40Z	93.759	7.172	24.564
587	2013-05-07T15:30:40Z	91.728	7.158	24.591
588	2013-05-07T16:00:40Z	93.175	7.202	24.587
589	2013-05-07T16:30:40Z	93.507	7.199	24.546
590	2013-05-07T17:00:40Z	94.026	7.216	24.591
591	2013-05-07T17:30:40Z	90.833	7.062	24.667
592	2013-05-07T18:00:40Z	90.621	7.101	24.577
593	2013-05-07T18:30:40Z	92.683	7.190	24.532
594	2013-05-07T19:00:40Z	94.166	7.249	24.533
595	2013-05-07T19:30:40Z	95.101	7.294	24.474
596	2013-05-07T20:00:40Z	95.542	7.334	24.493
597	2013-05-07T20:30:40Z	95.931	7.344	24.499
598	2013-05-07T21:00:40Z	95.070	7.323	24.972
599	2013-05-07T21:30:40Z	96.097	7.305	24.587
600	2013-05-07T22:00:40Z	94.927	7.241	24.575
601	2013-05-07T22:30:40Z	97.106	7.375	24.542
602	2013-05-07T23:00:40Z	97.694	7.394	24.452
603	2013-05-07T23:30:40Z	98.145	7.508	24.466
604	2013-05-08T00:00:40Z	98.356	7.538	24.480
605	2013-05-08T00:30:40Z	98.014	7.546	24.467
606	2013-05-08T01:00:40Z	98.632	7.565	24.432
607	2013-05-08T01:30:40Z	99.209	7.557	24.452
608	2013-05-08T02:00:40Z	100.053	7.543	24.421
609	2013-05-08T02:30:40Z	99.911	7.555	24.409
610	2013-05-08T03:00:40Z	98.701	7.545	24.403
611	2013-05-08T03:30:40Z	96.727	7.384	24.469
612	2013-05-08T04:00:40Z	98.521	7.548	24.484
613	2013-05-08T04:30:40Z	97.723	7.520	24.448
614	2013-05-08T05:00:40Z	97.528	7.526	24.523
615	2013-05-08T05:30:40Z	98.788	7.590	24.461
616	2013-05-08T06:00:40Z	99.292	7.646	24.469
617	2013-05-08T06:30:40Z	98.592	7.576	24.537
618	2013-05-08T07:00:40Z	98.759	7.585	24.484
619	2013-05-08T07:30:40Z	98.613	7.586	24.451
620	2013-05-08T08:00:40Z	98.031	7.556	24.473
621	2013-05-08T08:30:40Z	98.588	7.596	24.454
622	2013-05-08T09:00:40Z	99.142	7.647	24.471
623	2013-05-08T09:30:40Z	100.026	7.719	24.413
624	2013-05-08T10:00:40Z	100.152	7.712	24.629
625	2013-05-08T10:30:40Z	99.068	7.633	24.475
626	2013-05-08T11:00:40Z	89.950	7.297	24.549
627	2013-05-08T11:30:40Z	96.600	7.523	24.458
628	2013-05-08T12:00:40Z	98.517	7.606	24.432
629	2013-05-08T12:30:40Z	99.484	7.643	24.448
630	2013-05-08T13:00:40Z	102.406	7.814	24.439
631	2013-05-08T13:30:40Z	102.230	7.857	24.419
632	2013-05-08T14:00:40Z	102.100	7.832	24.441
633	2013-05-08T14:30:40Z	102.266	7.891	24.471
634	2013-05-08T15:00:40Z	102.127	7.931	24.470
635	2013-05-08T15:30:40Z	102.587	8.007	24.470
636	2013-05-08T16:00:40Z	103.272	8.064	24.425
637	2013-05-08T16:30:40Z	102.192	8.035	24.455
638	2013-05-08T17:00:40Z	103.518	8.053	24.586
639	2013-05-08T17:30:40Z	100.986	8.045	24.469
640	2013-05-08T18:00:40Z	102.137	8.048	24.474
641	2013-05-08T18:30:40Z	102.730	8.085	24.428
642	2013-05-08T19:00:40Z	101.794	8.103	24.482
643	2013-05-08T19:30:40Z	99.029	7.956	24.499
644	2013-05-08T20:00:40Z	102.882	8.227	24.559
645	2013-05-08T20:30:40Z	101.164	8.039	24.730
646	2013-05-08T21:00:40Z	78.961	7.482	25.521
647	2013-05-08T21:30:40Z	45.877	6.470	25.951
648	2013-05-08T22:00:40Z	52.340	6.669	25.689
649	2013-05-08T22:30:40Z	60.198	6.824	25.436
650	2013-05-08T23:00:40Z	58.483	6.732	25.604
651	2013-05-08T23:30:40Z	70.634	6.945	25.241
652	2013-05-09T00:00:40Z	73.313	7.091	25.215
653	2013-05-09T00:30:40Z	71.707	7.003	25.358
654	2013-05-09T01:00:40Z	72.821	7.108	25.179
655	2013-05-09T01:30:40Z	78.790	7.300	25.095
656	2013-05-09T02:00:40Z	78.115	7.192	25.018
657	2013-05-09T02:30:40Z	87.600	7.517	25.085
658	2013-05-09T03:00:40Z	86.149	7.365	24.770
659	2013-05-09T03:30:40Z	83.638	7.349	24.956
660	2013-05-09T04:00:40Z	84.851	7.406	24.853
661	2013-05-09T04:30:40Z	85.690	7.398	24.863
662	2013-05-09T05:00:40Z	76.447	6.874	25.425
663	2013-05-09T05:30:40Z	84.183	7.054	25.385
664	2013-05-09T06:00:40Z	65.585	6.910	25.586
665	2013-05-09T06:30:40Z	68.660	7.005	25.470
666	2013-05-09T07:00:40Z	71.458	7.088	25.393
667	2013-05-09T07:30:40Z	75.603	7.125	25.204
668	2013-05-09T08:00:40Z	77.367	7.140	25.351
669	2013-05-09T08:30:40Z	71.250	7.030	25.229
670	2013-05-09T09:00:40Z	73.273	7.062	25.062
671	2013-05-09T09:30:40Z	76.347	7.040	25.146
672	2013-05-09T10:00:40Z	67.709	6.881	25.295
673	2013-05-09T10:30:40Z	66.103	6.815	25.348
674	2013-05-09T11:00:40Z	69.886	6.864	25.358
675	2013-05-09T11:30:40Z	69.341	6.891	25.289
676	2013-05-09T12:00:40Z	74.900	6.952	25.209
677	2013-05-09T12:30:40Z	83.837	7.103	25.013
678	2013-05-09T13:00:40Z	90.195	7.340	24.740
679	2013-05-09T13:30:40Z	84.399	7.237	24.696
680	2013-05-09T14:00:40Z	84.936	7.282	24.743
681	2013-05-09T14:30:40Z	88.344	7.429	24.751
682	2013-05-09T15:00:40Z	89.566	7.466	24.718
683	2013-05-09T15:30:40Z	89.985	7.493	24.673
684	2013-05-09T16:00:40Z	81.987	7.183	25.030
685	2013-05-09T16:30:40Z	78.917	7.030	25.107
686	2013-05-09T17:00:40Z	69.890	6.826	25.201
687	2013-05-09T17:30:40Z	72.152	6.727	25.116
688	2013-05-09T18:00:40Z	73.653	6.704	25.231
689	2013-05-09T18:30:40Z	78.450	6.790	24.952
690	2013-05-09T19:00:40Z	72.385	6.647	25.209
691	2013-05-09T19:30:40Z	68.823	6.643	25.363
692	2013-05-09T20:00:40Z	70.046	6.744	25.336
693	2013-05-09T20:30:40Z	69.880	6.837	25.338
694	2013-05-09T21:00:40Z	61.531	6.575	25.899
695	2013-05-09T21:30:40Z	54.019	6.396	26.005
696	2013-05-09T22:00:40Z	65.854	6.611	25.971
697	2013-05-09T22:30:40Z	50.222	6.382	25.927
698	2013-05-09T23:00:40Z	54.939	6.387	26.011
699	2013-05-09T23:30:40Z	71.454	6.733	25.457
700	2013-05-10T00:00:40Z	68.720	6.695	25.769
701	2013-05-10T00:30:40Z	67.835	6.739	25.610
702	2013-05-10T01:00:40Z	81.386	6.924	25.128
703	2013-05-10T01:30:40Z	86.590	7.177	24.719
704	2013-05-10T02:00:40Z	87.623	7.346	24.766
705	2013-05-10T02:30:40Z	91.951	7.405	24.649
706	2013-05-10T03:00:40Z	91.485	7.421	24.603
707	2013-05-10T03:30:40Z	90.358	7.456	24.726
708	2013-05-10T04:00:40Z	85.717	7.226	24.723
709	2013-05-10T04:30:40Z	87.796	7.317	24.704
710	2013-05-10T05:00:40Z	87.184	7.243	24.657
711	2013-05-10T05:30:40Z	91.723	7.466	24.628
712	2013-05-10T06:00:40Z	88.628	7.305	24.558
713	2013-05-10T06:30:40Z	85.653	7.124	24.799
714	2013-05-10T07:00:40Z	89.420	7.236	24.691
715	2013-05-10T07:30:40Z	76.939	6.872	24.869
716	2013-05-10T08:00:40Z	76.597	6.856	24.993
717	2013-05-10T08:30:40Z	78.061	6.902	24.878
718	2013-05-10T09:00:40Z	78.897	7.051	24.959
719	2013-05-10T09:30:40Z	79.614	7.050	24.913
720	2013-05-10T10:00:40Z	80.614	7.083	24.865
721	2013-05-10T10:30:40Z	76.648	7.001	24.961
722	2013-05-10T11:00:40Z	71.773	6.820	25.149
723	2013-05-10T11:30:40Z	71.700	6.841	25.173
724	2013-05-10T12:00:40Z	68.946	6.803	25.364
725	2013-05-10T12:30:40Z	72.392	6.855	25.257
726	2013-05-10T13:00:40Z	69.664	6.830	25.271
727	2013-05-10T13:30:40Z	69.489	6.846	25.208
728	2013-05-10T14:00:40Z	81.446	7.068	24.896
729	2013-05-10T14:30:40Z	85.181	7.057	24.771
730	2013-05-10T15:00:40Z	74.775	6.971	25.100
731	2013-05-10T15:30:40Z	74.901	6.947	25.002
732	2013-05-10T16:00:40Z	79.779	6.921	24.934
733	2013-05-10T16:30:40Z	79.041	6.978	24.854
734	2013-05-10T17:00:40Z	82.189	6.952	24.856
735	2013-05-10T17:30:40Z	81.728	6.957	24.943
736	2013-05-10T18:00:40Z	82.704	6.981	24.880
737	2013-05-10T18:30:40Z	71.011	6.830	25.148
738	2013-05-10T19:00:40Z	80.695	6.941	24.826
739	2013-05-10T19:30:40Z	81.961	6.996	24.818
740	2013-05-10T20:00:40Z	81.750	6.990	24.860
741	2013-05-10T20:30:40Z	67.272	6.736	25.442
742	2013-05-10T21:00:40Z	56.579	6.458	25.734
743	2013-05-10T21:30:40Z	57.043	6.434	25.821
744	2013-05-10T22:00:40Z	53.052	6.368	25.972
745	2013-05-10T22:30:40Z	41.572	6.123	26.149
746	2013-05-10T23:00:40Z	41.328	6.098	26.217
747	2013-05-10T23:30:40Z	36.666	6.048	26.180
748	2013-05-11T00:00:40Z	36.955	6.051	26.215
749	2013-05-11T00:30:40Z	44.917	6.228	25.946
750	2013-05-11T01:00:40Z	44.647	6.271	25.981
751	2013-05-11T01:30:40Z	67.356	6.578	25.300
752	2013-05-11T02:00:40Z	70.050	6.613	25.199
753	2013-05-11T02:30:40Z	71.565	6.612	25.161
754	2013-05-11T03:00:40Z	83.023	6.929	24.790
755	2013-05-11T03:30:40Z	86.836	7.054	24.652
756	2013-05-11T04:00:40Z	88.562	7.108	24.659
757	2013-05-11T04:30:40Z	63.836	6.678	25.479
758	2013-05-11T05:00:40Z	57.524	6.588	25.468
759	2013-05-11T05:30:40Z	51.041	6.381	25.741
760	2013-05-11T06:00:40Z	48.997	6.325	25.960
761	2013-05-11T06:30:40Z	46.311	6.240	26.020
762	2013-05-11T07:00:40Z	43.658	6.198	26.084
763	2013-05-11T07:30:40Z	50.083	6.292	25.955
764	2013-05-11T08:00:40Z	51.696	6.377	25.841
765	2013-05-11T08:30:40Z	61.192	6.417	25.339
766	2013-05-11T09:00:40Z	70.616	6.538	25.175
767	2013-05-11T09:30:40Z	59.805	6.296	25.814
768	2013-05-11T10:00:40Z	48.951	6.327	25.890
769	2013-05-11T10:30:40Z	54.155	6.337	25.795
770	2013-05-11T11:00:40Z	46.721	6.341	25.960
771	2013-05-11T11:30:40Z	49.501	6.384	25.832
772	2013-05-11T12:00:40Z	65.722	6.415	25.460
773	2013-05-11T12:30:40Z	72.082	6.719	25.312
774	2013-05-11T13:00:40Z	67.001	6.740	25.287
775	2013-05-11T13:30:40Z	75.731	6.961	24.855
776	2013-05-11T14:00:40Z	88.899	7.127	24.739
777	2013-05-11T14:30:40Z	89.322	7.235	24.699
778	2013-05-11T15:00:40Z	94.156	7.474	24.560
779	2013-05-11T15:30:40Z	85.789	7.180	24.733
780	2013-05-11T16:00:40Z	92.892	7.414	24.557
781	2013-05-11T16:30:40Z	93.278	7.452	24.532
782	2013-05-11T17:00:40Z	93.048	7.447	24.476
783	2013-05-11T17:30:40Z	79.409	6.966	24.955
784	2013-05-11T18:00:40Z	83.797	6.975	24.881
785	2013-05-11T18:30:40Z	76.036	6.752	25.078
786	2013-05-11T19:00:40Z	74.614	6.862	25.055
787	2013-05-11T19:30:40Z	81.177	6.979	24.913
788	2013-05-11T20:00:40Z	83.779	7.037	24.770
789	2013-05-11T20:30:40Z	80.982	6.972	24.849
790	2013-05-11T21:00:40Z	84.185	7.064	24.766
791	2013-05-11T21:30:40Z	85.231	7.107	24.756
792	2013-05-11T22:00:40Z	85.290	7.164	24.812
793	2013-05-11T22:30:40Z	82.257	7.122	24.897
794	2013-05-11T23:00:40Z	84.486	7.176	24.799
795	2013-05-11T23:30:40Z	75.039	6.875	24.945
796	2013-05-12T00:00:40Z	76.444	6.867	25.001
797	2013-05-12T00:30:40Z	73.020	6.788	25.117
798	2013-05-12T01:00:40Z	77.648	6.882	24.969
799	2013-05-12T01:30:40Z	78.362	7.068	24.971
800	2013-05-12T02:00:40Z	84.910	7.269	24.841
801	2013-05-12T02:30:40Z	86.475	7.315	24.754
802	2013-05-12T03:00:40Z	87.482	7.311	24.640
803	2013-05-12T03:30:40Z	92.208	7.482	24.543
804	2013-05-12T04:00:40Z	91.353	7.487	24.541
805	2013-05-12T04:30:40Z	89.484	7.417	24.603
806	2013-05-12T05:00:40Z	88.377	7.393	24.612
807	2013-05-12T05:30:40Z	90.114	7.427	24.602
808	2013-05-12T06:00:40Z	90.615	7.460	24.605
809	2013-05-12T06:30:40Z	84.976	7.283	24.751
810	2013-05-12T07:00:40Z	73.677	6.923	25.070
811	2013-05-12T07:30:40Z	56.810	6.615	25.419
812	2013-05-12T08:00:40Z	44.348	6.268	25.930
813	2013-05-12T08:30:40Z	41.216	6.143	26.015
814	2013-05-12T09:00:40Z	39.576	6.090	25.999
815	2013-05-12T09:30:40Z	35.631	5.983	26.161
816	2013-05-12T10:00:40Z	35.355	5.915	26.217
817	2013-05-12T10:30:40Z	31.602	5.886	26.234
818	2013-05-12T11:00:40Z	37.107	6.065	26.207
819	2013-05-12T11:30:40Z	34.946	6.001	26.203
820	2013-05-12T12:00:40Z	32.234	5.922	26.303
821	2013-05-12T12:30:40Z	28.537	5.831	26.350
822	2013-05-12T13:00:40Z	28.552	5.811	26.409
823	2013-05-12T13:30:40Z	37.582	6.055	26.149
824	2013-05-12T14:00:40Z	51.626	6.370	25.740
825	2013-05-12T14:30:40Z	66.731	6.666	25.247
826	2013-05-12T15:00:40Z	72.062	6.701	25.174
827	2013-05-12T15:30:40Z	74.297	6.673	25.115
828	2013-05-12T16:00:40Z	74.911	6.728	25.046
829	2013-05-12T16:30:40Z	72.331	6.674	25.117
830	2013-05-12T17:00:40Z	76.894	6.734	25.033
831	2013-05-12T17:30:40Z	71.974	6.684	25.101
832	2013-05-12T18:00:40Z	75.117	6.746	24.952
833	2013-05-12T18:30:40Z	78.722	6.852	24.931
834	2013-05-12T19:00:40Z	82.941	7.072	24.787
835	2013-05-12T19:30:40Z	84.755	7.198	24.842
836	2013-05-12T20:00:40Z	82.141	6.992	25.029
837	2013-05-12T20:30:40Z	72.022	6.604	25.584
838	2013-05-12T21:00:40Z	62.422	6.518	25.448
839	2013-05-12T21:30:40Z	60.781	6.465	25.614
840	2013-05-12T22:00:40Z	66.296	6.580	25.310
841	2013-05-12T22:30:40Z	65.745	6.569	25.304
842	2013-05-12T23:00:40Z	63.557	6.525	25.400
843	2013-05-12T23:30:40Z	70.907	6.604	25.238
844	2013-05-13T00:00:40Z	76.068	6.710	25.151
845	2013-05-13T00:30:40Z	74.332	6.677	25.386
846	2013-05-13T01:00:40Z	73.389	6.680	25.187
847	2013-05-13T01:30:40Z	76.144	6.722	25.019
848	2013-05-13T02:00:40Z	77.434	6.741	25.014
849	2013-05-13T02:30:40Z	73.875	6.653	25.114
850	2013-05-13T03:00:40Z	70.058	6.643	25.118
851	2013-05-13T03:30:40Z	73.467	6.707	25.099
852	2013-05-13T04:00:40Z	77.386	6.891	24.920
853	2013-05-13T04:30:40Z	79.930	7.037	24.914
854	2013-05-13T05:00:40Z	80.548	7.169	24.848
855	2013-05-13T05:30:40Z	81.803	7.243	24.829
856	2013-05-13T06:00:40Z	82.290	7.248	24.853
857	2013-05-13T06:30:40Z	81.830	7.240	24.848
858	2013-05-13T07:00:40Z	78.706	7.159	24.834
859	2013-05-13T07:30:40Z	81.496	7.239	24.774
860	2013-05-13T08:00:40Z	83.906	7.262	24.795
861	2013-05-13T08:30:40Z	73.633	7.116	25.142
862	2013-05-13T09:00:40Z	81.107	7.179	24.907
863	2013-05-13T09:30:40Z	79.724	7.136	25.175
864	2013-05-13T10:00:40Z	70.016	6.935	25.203
865	2013-05-13T10:30:40Z	70.459	6.914	25.105
866	2013-05-13T11:00:40Z	74.523	6.994	25.103
867	2013-05-13T11:30:40Z	72.226	6.989	25.045
868	2013-05-13T12:00:40Z	73.366	6.990	25.253
869	2013-05-13T12:30:40Z	55.886	6.705	25.620
870	2013-05-13T13:00:40Z	66.201	6.823	25.344
871	2013-05-13T13:30:40Z	55.597	6.702	25.506
872	2013-05-13T14:00:40Z	56.809	6.699	25.472
873	2013-05-13T14:30:40Z	46.063	6.411	25.878
874	2013-05-13T15:00:40Z	45.008	6.347	25.873
875	2013-05-13T15:30:40Z	49.986	6.558	25.703
876	2013-05-13T16:00:40Z	61.440	6.793	25.322
877	2013-05-13T16:30:40Z	68.881	6.914	25.159
878	2013-05-13T17:00:40Z	76.152	7.026	24.951
879	2013-05-13T17:30:40Z	74.825	7.023	24.958
880	2013-05-13T18:00:40Z	77.816	7.085	24.888
881	2013-05-13T18:30:40Z	79.426	7.143	24.807
882	2013-05-13T19:00:40Z	77.765	7.107	24.903
883	2013-05-13T19:30:40Z	78.413	7.099	24.960
884	2013-05-13T20:00:40Z	77.429	7.080	24.892
885	2013-05-13T20:30:40Z	81.624	7.213	24.951
886	2013-05-13T21:00:40Z	80.288	7.193	24.854
887	2013-05-13T21:30:40Z	75.931	7.047	25.368
888	2013-05-13T22:00:40Z	80.161	7.201	24.784
889	2013-05-13T22:30:40Z	82.474	7.229	24.774
890	2013-05-13T23:00:40Z	68.296	6.974	25.235
891	2013-05-13T23:30:40Z	80.645	7.125	24.908
892	2013-05-14T00:00:40Z	84.211	7.293	24.683
893	2013-05-14T00:30:40Z	84.860	7.292	24.847
894	2013-05-14T01:00:40Z	78.273	7.143	24.946
895	2013-05-14T01:30:40Z	80.347	7.171	24.853
896	2013-05-14T02:00:40Z	83.596	7.327	24.709
897	2013-05-14T02:30:40Z	82.843	7.246	25.078
898	2013-05-14T03:00:40Z	80.612	7.141	24.884
899	2013-05-14T03:30:40Z	81.764	7.178	24.869
900	2013-05-14T04:00:40Z	77.410	7.089	24.922
901	2013-05-14T04:30:40Z	77.380	7.095	24.841
902	2013-05-14T05:00:40Z	80.382	7.178	24.776
903	2013-05-14T05:30:40Z	85.088	7.218	24.748
904	2013-05-14T06:00:40Z	85.124	7.258	24.741
905	2013-05-14T06:30:40Z	84.140	7.258	24.754
906	2013-05-14T07:00:40Z	79.342	7.189	24.874
907	2013-05-14T07:30:40Z	79.405	7.214	24.864
908	2013-05-14T08:00:40Z	81.409	7.297	24.771
909	2013-05-14T08:30:40Z	84.057	7.365	24.754
910	2013-05-14T09:00:40Z	84.715	7.375	24.750
911	2013-05-14T09:30:40Z	86.318	7.434	24.708
912	2013-05-14T10:00:40Z	86.247	7.427	24.726
913	2013-05-14T10:30:40Z	82.636	7.355	24.768
914	2013-05-14T11:00:40Z	79.837	7.255	24.864
915	2013-05-14T11:30:40Z	79.171	7.232	24.883
916	2013-05-14T12:00:40Z	73.591	7.075	25.027
917	2013-05-14T12:30:40Z	71.989	7.031	25.006
918	2013-05-14T13:00:40Z	72.746	7.035	25.006
919	2013-05-14T13:30:40Z	62.876	6.859	25.295
920	2013-05-14T14:00:40Z	62.729	6.776	25.310
921	2013-05-14T14:30:40Z	74.521	6.982	25.015
922	2013-05-14T15:00:40Z	52.936	6.561	25.947
923	2013-05-14T15:30:40Z	75.644	6.946	24.907
924	2013-05-14T16:00:40Z	80.432	7.156	24.856
925	2013-05-14T16:30:40Z	75.631	7.002	25.288
926	2013-05-14T17:00:40Z	77.964	7.074	25.073
927	2013-05-14T17:30:40Z	78.655	7.180	24.855
928	2013-05-14T18:00:40Z	81.844	7.211	24.951
929	2013-05-14T18:30:40Z	78.319	7.145	25.023
930	2013-05-14T19:00:40Z	74.872	7.080	25.022
931	2013-05-14T19:30:40Z	76.468	7.065	24.995
932	2013-05-14T20:00:40Z	67.619	6.951	25.223
933	2013-05-14T20:30:40Z	69.270	6.953	25.245
934	2013-05-14T21:00:40Z	70.104	6.959	25.143
935	2013-05-14T21:30:40Z	71.255	6.982	25.045
936	2013-05-14T22:00:40Z	73.107	7.019	25.068
937	2013-05-14T22:30:40Z	75.315	7.039	25.031
938	2013-05-14T23:00:40Z	77.032	7.037	25.067
939	2013-05-14T23:30:40Z	71.306	6.983	25.027
940	2013-05-15T00:00:40Z	76.371	7.077	25.024
941	2013-05-15T00:30:40Z	80.984	7.204	24.834
942	2013-05-15T01:00:40Z	80.788	7.214	24.794
943	2013-05-15T01:30:40Z	80.488	7.207	24.855
944	2013-05-15T02:00:40Z	78.984	7.167	24.856
945	2013-05-15T02:30:40Z	77.239	7.076	24.942
946	2013-05-15T03:00:40Z	81.235	7.049	24.842
947	2013-05-15T03:30:40Z	85.975	7.113	24.703
948	2013-05-15T04:00:40Z	87.508	7.211	24.652
949	2013-05-15T04:30:40Z	85.130	7.141	24.649
950	2013-05-15T05:00:40Z	88.261	7.242	24.663
951	2013-05-15T05:30:40Z	87.613	7.217	24.700
952	2013-05-15T06:00:40Z	87.752	7.242	24.622
953	2013-05-15T06:30:40Z	86.896	7.224	24.664
954	2013-05-15T07:00:40Z	88.291	7.261	24.609
955	2013-05-15T07:30:40Z	87.011	7.227	24.549
956	2013-05-15T08:00:40Z	77.009	7.029	24.863
957	2013-05-15T08:30:40Z	76.415	7.066	24.974
958	2013-05-15T09:00:40Z	77.371	7.140	24.917
959	2013-05-15T09:30:40Z	77.221	7.150	24.924
960	2013-05-15T10:00:40Z	76.219	7.111	24.894
961	2013-05-15T10:30:40Z	76.407	7.092	24.960
962	2013-05-15T11:00:40Z	74.114	6.985	25.005
963	2013-05-15T11:30:40Z	74.174	6.926	25.056
964	2013-05-15T12:00:40Z	76.580	7.035	24.975
965	2013-05-15T12:30:40Z	77.312	7.084	24.947
966	2013-05-15T13:00:40Z	72.049	6.912	25.217
967	2013-05-15T13:30:40Z	71.500	6.897	25.170
968	2013-05-15T14:00:40Z	74.206	6.972	24.976
969	2013-05-15T14:30:40Z	78.271	7.098	24.944
970	2013-05-15T15:00:40Z	78.949	7.151	24.879
971	2013-05-15T15:30:40Z	79.057	7.112	24.864
972	2013-05-15T16:00:40Z	78.453	7.087	24.856
973	2013-05-15T16:30:40Z	78.622	7.105	24.857
974	2013-05-15T17:00:40Z	85.015	7.280	24.746
975	2013-05-15T17:30:40Z	84.270	7.334	24.776
976	2013-05-15T18:00:40Z	83.817	7.270	24.772
977	2013-05-15T18:30:40Z	85.292	7.312	24.688
978	2013-05-15T19:00:40Z	86.437	7.396	24.696
979	2013-05-15T19:30:40Z	86.378	7.380	24.693
980	2013-05-15T20:00:40Z	80.707	7.205	24.777
981	2013-05-15T20:30:40Z	81.306	7.181	24.783
982	2013-05-15T21:00:40Z	87.773	7.438	24.746
983	2013-05-15T21:30:40Z	87.428	7.439	24.698
984	2013-05-15T22:00:40Z	86.338	7.416	24.633
985	2013-05-15T22:30:40Z	83.649	7.290	24.686
986	2013-05-15T23:00:40Z	75.137	6.961	24.967
987	2013-05-15T23:30:40Z	76.978	6.975	25.027
988	2013-05-16T00:00:40Z	77.341	7.061	24.971
989	2013-05-16T00:30:40Z	72.015	6.983	25.051
990	2013-05-16T01:00:40Z	74.087	7.028	24.969
991	2013-05-16T01:30:40Z	73.773	7.020	24.884
992	2013-05-16T02:00:40Z	61.926	6.825	25.405
993	2013-05-16T02:30:40Z	58.796	6.754	25.497
994	2013-05-16T03:00:40Z	62.324	6.796	25.363
995	2013-05-16T03:30:40Z	64.597	6.799	25.329
996	2013-05-16T04:00:40Z	76.718	6.967	25.000
997	2013-05-16T04:30:40Z	80.385	7.041	24.977
998	2013-05-16T05:00:40Z	80.450	7.062	24.866
999	2013-05-16T05:30:40Z	82.751	7.165	24.768
1000	2013-05-16T06:00:40Z	84.543	7.313	24.727
1001	2013-05-16T06:30:40Z	81.552	7.201	24.790
1002	2013-05-16T07:00:40Z	83.537	7.291	24.707
1003	2013-05-16T07:30:40Z	86.234	7.389	24.688
1004	2013-05-16T08:00:40Z	85.585	7.353	24.738
1005	2013-05-16T08:30:40Z	83.533	7.306	24.764
1006	2013-05-16T09:00:40Z	86.626	7.274	24.766
1007	2013-05-16T09:30:40Z	85.786	7.311	24.656
1008	2013-05-16T10:00:40Z	83.010	7.216	24.904
1009	2013-05-16T10:30:40Z	80.426	7.097	24.812
1010	2013-05-16T11:00:40Z	79.588	7.112	24.817
1011	2013-05-16T11:30:40Z	68.043	6.870	25.225
1012	2013-05-16T12:00:40Z	67.146	6.829	25.157
1013	2013-05-16T12:30:40Z	75.684	6.952	24.945
1014	2013-05-16T13:00:40Z	70.285	6.850	25.344
1015	2013-05-16T13:30:40Z	73.241	6.899	25.226
1016	2013-05-16T14:00:40Z	64.309	6.770	25.554
1017	2013-05-16T14:30:40Z	48.194	6.574	25.709
1018	2013-05-16T15:00:40Z	48.938	6.556	25.661
1019	2013-05-16T15:30:40Z	60.581	6.708	25.300
1020	2013-05-16T16:00:40Z	64.558	6.790	25.337
1021	2013-05-16T16:30:40Z	64.291	6.825	25.212
1022	2013-05-16T17:00:40Z	67.265	6.848	25.227
1023	2013-05-16T17:30:40Z	73.422	6.973	25.060
1024	2013-05-16T18:00:40Z	79.401	7.136	24.830
1025	2013-05-16T18:30:40Z	83.323	7.299	24.746
1026	2013-05-16T19:00:40Z	81.532	7.271	24.731
1027	2013-05-16T19:30:40Z	84.055	7.362	24.688
1028	2013-05-16T20:00:40Z	82.878	7.315	24.748
1029	2013-05-16T20:30:40Z	81.426	7.204	24.792
1030	2013-05-16T21:00:40Z	81.107	7.186	24.845
1031	2013-05-16T21:30:40Z	81.236	7.212	24.805
1032	2013-05-16T22:00:40Z	76.185	7.075	24.928
1033	2013-05-16T22:30:40Z	78.363	7.090	24.858
1034	2013-05-16T23:00:40Z	79.435	7.141	24.865
1035	2013-05-16T23:30:40Z	79.192	7.135	24.879
1036	2013-05-17T00:00:40Z	76.985	6.973	25.050
1037	2013-05-17T00:30:40Z	72.643	6.953	25.136
1038	2013-05-17T01:00:40Z	72.998	6.970	25.038
1039	2013-05-17T01:30:40Z	75.633	7.037	24.914
1040	2013-05-17T02:00:40Z	77.322	7.082	24.855
1041	2013-05-17T02:30:40Z	80.665	7.185	24.791
1042	2013-05-17T03:00:40Z	81.711	7.180	24.748
1043	2013-05-17T03:30:40Z	79.066	7.105	24.814
1044	2013-05-17T04:00:40Z	78.538	7.090	24.849
1045	2013-05-17T04:30:40Z	84.842	7.186	24.719
1046	2013-05-17T05:00:40Z	81.182	7.069	24.793
1047	2013-05-17T05:30:40Z	85.721	7.225	24.664
1048	2013-05-17T06:00:40Z	86.022	7.240	24.642
1049	2013-05-17T06:30:40Z	81.595	7.116	24.738
1050	2013-05-17T07:00:40Z	87.768	7.287	24.603
1051	2013-05-17T07:30:40Z	88.799	7.419	24.597
1052	2013-05-17T08:00:40Z	89.039	7.439	24.562
1053	2013-05-17T08:30:40Z	85.837	7.347	24.719
1054	2013-05-17T09:00:40Z	88.345	7.443	24.631
1055	2013-05-17T09:30:40Z	84.367	7.385	24.734
1056	2013-05-17T10:00:40Z	86.011	7.491	24.616
1057	2013-05-17T10:30:40Z	89.173	7.602	24.574
1058	2013-05-17T11:00:40Z	87.818	7.573	24.582
1059	2013-05-17T11:30:40Z	88.419	7.600	24.621
1060	2013-05-17T12:00:40Z	89.469	7.600	24.575
1061	2013-05-17T12:30:40Z	85.302	7.434	24.689
1062	2013-05-17T13:00:40Z	84.244	7.384	24.672
1063	2013-05-17T13:30:40Z	82.911	7.359	24.706
1064	2013-05-17T14:00:40Z	82.165	7.306	24.749
1065	2013-05-17T14:30:40Z	75.437	7.004	25.191
1066	2013-05-17T15:00:40Z	71.040	6.893	25.110
1067	2013-05-17T15:30:40Z	58.261	6.779	25.231
1068	2013-05-17T16:00:40Z	60.438	6.803	25.318
1069	2013-05-17T16:30:40Z	66.218	6.857	25.388
1070	2013-05-17T17:00:40Z	72.531	7.022	24.952
1071	2013-05-17T17:30:40Z	60.872	6.846	25.408
1072	2013-05-17T18:00:40Z	65.633	6.859	25.273
1073	2013-05-17T18:30:40Z	71.884	6.946	25.230
1074	2013-05-17T19:00:40Z	73.844	7.055	24.938
1075	2013-05-17T19:30:40Z	74.511	7.101	24.928
1076	2013-05-17T20:00:40Z	76.778	7.126	24.880
1077	2013-05-17T20:30:40Z	79.488	7.139	24.863
1078	2013-05-17T21:00:40Z	82.177	7.231	24.799
1079	2013-05-17T21:30:40Z	79.142	7.116	24.960
1080	2013-05-17T22:00:40Z	78.741	7.099	24.893
1081	2013-05-17T22:30:40Z	81.541	7.125	24.860
1082	2013-05-17T23:00:40Z	79.059	7.080	24.937
1083	2013-05-17T23:30:40Z	80.515	7.112	24.823
1084	2013-05-18T00:00:40Z	78.342	7.053	24.886
1085	2013-05-18T00:30:40Z	67.979	7.028	25.105
1086	2013-05-18T01:00:40Z	61.968	6.887	25.498
1087	2013-05-18T01:30:40Z	58.874	6.774	25.500
1088	2013-05-18T02:00:40Z	48.639	6.538	25.823
1089	2013-05-18T02:30:40Z	54.495	6.608	25.921
1090	2013-05-18T03:00:40Z	51.589	6.549	25.670
1091	2013-05-18T03:30:40Z	60.379	6.738	25.346
1092	2013-05-18T04:00:40Z	66.259	6.942	25.225
1093	2013-05-18T04:30:40Z	67.492	7.005	25.128
1094	2013-05-18T05:00:40Z	64.650	7.014	25.166
1095	2013-05-18T05:30:40Z	70.082	7.019	25.087
1096	2013-05-18T06:00:40Z	73.827	7.025	25.127
1097	2013-05-18T06:30:40Z	79.031	7.059	24.863
1098	2013-05-18T07:00:40Z	80.379	7.123	24.820
1099	2013-05-18T07:30:40Z	81.775	7.225	24.750
1100	2013-05-18T08:00:40Z	85.010	7.338	24.669
1101	2013-05-18T08:30:40Z	87.635	7.547	24.615
1102	2013-05-18T09:00:40Z	87.536	7.531	24.537
1103	2013-05-18T09:30:40Z	88.971	7.634	24.574
1104	2013-05-18T10:00:40Z	83.772	7.366	24.679
1105	2013-05-18T10:30:40Z	65.481	7.016	25.118
1106	2013-05-18T11:00:40Z	70.325	7.135	25.045
1107	2013-05-18T11:30:40Z	72.901	7.229	24.937
1108	2013-05-18T12:00:40Z	71.186	7.215	25.033
1109	2013-05-18T12:30:40Z	76.219	7.337	24.925
1110	2013-05-18T13:00:40Z	74.253	7.334	24.872
1111	2013-05-18T13:30:40Z	75.990	7.345	24.837
1112	2013-05-18T14:00:40Z	74.223	7.245	24.895
1113	2013-05-18T14:30:40Z	76.598	7.271	24.829
1114	2013-05-18T15:00:40Z	79.951	7.292	24.765
1115	2013-05-18T15:30:40Z	80.646	7.272	24.825
1116	2013-05-18T16:00:40Z	82.779	7.313	24.738
1117	2013-05-18T16:30:40Z	83.891	7.350	24.736
1118	2013-05-18T17:00:40Z	82.940	7.372	24.756
1119	2013-05-18T17:30:40Z	84.838	7.436	24.745
1120	2013-05-18T18:00:40Z	86.024	7.475	24.636
1121	2013-05-18T18:30:40Z	82.920	7.450	24.791
1122	2013-05-18T19:00:40Z	86.383	7.509	24.760
1123	2013-05-18T19:30:40Z	82.456	7.410	24.686
1124	2013-05-18T20:00:40Z	80.357	7.251	24.794
1125	2013-05-18T20:30:40Z	79.627	7.214	24.839
1126	2013-05-18T21:00:40Z	81.100	7.212	24.805
1127	2013-05-18T21:30:40Z	80.030	7.173	24.784
1128	2013-05-18T22:00:40Z	79.623	7.128	24.879
1129	2013-05-18T22:30:40Z	80.303	7.135	24.792
1130	2013-05-18T23:00:40Z	73.975	7.049	25.017
1131	2013-05-18T23:30:40Z	69.037	7.033	25.036
1132	2013-05-19T00:00:40Z	67.895	7.053	25.055
1133	2013-05-19T00:30:40Z	66.173	7.032	25.083
1134	2013-05-19T01:00:40Z	62.384	6.956	25.354
1135	2013-05-19T01:30:40Z	61.432	6.897	25.435
1136	2013-05-19T02:00:40Z	59.429	6.807	25.577
1137	2013-05-19T02:30:40Z	47.280	6.530	25.787
1138	2013-05-19T03:00:40Z	46.675	6.485	25.764
1139	2013-05-19T03:30:40Z	43.465	6.423	25.901
1140	2013-05-19T04:00:40Z	50.237	6.556	25.737
1141	2013-05-19T04:30:40Z	50.180	6.602	25.661
1142	2013-05-19T05:00:40Z	52.243	6.609	25.720
1143	2013-05-19T05:30:40Z	51.866	6.591	25.772
1144	2013-05-19T06:00:40Z	50.279	6.550	25.647
1145	2013-05-19T06:30:40Z	55.188	6.719	25.591
1146	2013-05-19T07:00:40Z	59.450	6.818	25.398
1147	2013-05-19T07:30:40Z	62.040	6.813	25.149
1148	2013-05-19T08:00:40Z	67.500	6.895	25.114
1149	2013-05-19T08:30:40Z	75.441	7.064	24.940
1150	2013-05-19T09:00:40Z	81.601	7.208	24.746
1151	2013-05-19T09:30:40Z	82.408	7.268	24.691
1152	2013-05-19T10:00:40Z	82.890	7.266	24.717
1153	2013-05-19T10:30:40Z	84.408	7.339	24.656
1154	2013-05-19T11:00:40Z	85.840	7.430	24.570
1155	2013-05-19T11:30:40Z	76.540	7.142	24.830
1156	2013-05-19T12:00:40Z	71.586	7.142	25.021
1157	2013-05-19T12:30:40Z	64.053	7.027	25.112
1158	2013-05-19T13:00:40Z	65.063	7.036	25.114
1159	2013-05-19T13:30:40Z	64.611	7.041	25.160
1160	2013-05-19T14:00:40Z	66.642	7.107	25.121
1161	2013-05-19T14:30:40Z	66.096	7.139	25.111
1162	2013-05-19T15:00:40Z	68.224	7.175	25.052
1163	2013-05-19T15:30:40Z	68.846	7.202	25.033
1164	2013-05-19T16:00:40Z	67.531	7.170	25.106
1165	2013-05-19T16:30:40Z	65.216	7.135	25.113
1166	2013-05-19T17:00:40Z	62.802	7.088	25.182
1167	2013-05-19T17:30:40Z	62.534	7.091	25.213
1168	2013-05-19T18:00:40Z	68.522	7.194	25.071
1169	2013-05-19T18:30:40Z	70.004	7.275	25.027
1170	2013-05-19T19:00:40Z	69.080	7.252	25.015
1171	2013-05-19T19:30:40Z	72.355	7.294	24.965
1172	2013-05-19T20:00:40Z	74.979	7.295	24.882
1173	2013-05-19T20:30:40Z	77.702	7.276	24.945
1174	2013-05-19T21:00:40Z	73.869	7.289	24.861
1175	2013-05-19T21:30:40Z	76.598	7.264	24.869
1176	2013-05-19T22:00:40Z	78.583	7.255	24.791
1177	2013-05-19T22:30:40Z	79.122	7.219	24.833
1178	2013-05-19T23:00:40Z	75.413	7.201	25.143
1179	2013-05-19T23:30:40Z	76.060	7.134	24.814
1180	2013-05-20T00:00:40Z	76.594	7.134	24.870
1181	2013-05-20T00:30:40Z	74.345	7.096	24.964
1182	2013-05-20T01:00:40Z	72.350	7.103	24.914
1183	2013-05-20T01:30:40Z	75.271	7.180	24.858
1184	2013-05-20T02:00:40Z	67.949	7.154	25.072
1185	2013-05-20T02:30:40Z	66.071	7.103	25.237
1186	2013-05-20T03:00:40Z	63.577	7.068	25.206
1187	2013-05-20T03:30:40Z	63.817	7.063	25.226
1188	2013-05-20T04:00:40Z	54.616	6.829	25.533
1189	2013-05-20T04:30:40Z	43.785	6.523	25.937
1190	2013-05-20T05:00:40Z	49.154	6.609	25.805
1191	2013-05-20T05:30:40Z	48.425	6.644	25.731
1192	2013-05-20T06:00:40Z	46.387	6.664	25.723
1193	2013-05-20T06:30:40Z	48.350	6.709	25.572
1194	2013-05-20T07:00:40Z	52.122	6.803	25.529
1195	2013-05-20T07:30:40Z	55.250	6.873	25.347
1196	2013-05-20T08:00:40Z	57.436	6.912	25.301
1197	2013-05-20T08:30:40Z	60.142	6.963	25.285
1198	2013-05-20T09:00:40Z	64.031	7.080	25.090
1199	2013-05-20T09:30:40Z	70.198	7.173	25.055
1200	2013-05-20T10:00:40Z	74.350	7.146	24.871
1201	2013-05-20T10:30:40Z	76.639	7.138	24.775
1202	2013-05-20T11:00:40Z	80.481	7.176	24.759
1203	2013-05-20T11:30:40Z	79.942	7.194	24.673
1204	2013-05-20T12:00:40Z	83.384	7.265	24.669
1205	2013-05-20T12:30:40Z	78.453	7.204	24.770
1206	2013-05-20T13:00:40Z	76.230	7.175	24.824
1207	2013-05-20T13:30:40Z	72.994	7.109	24.843
1208	2013-05-20T14:00:40Z	63.442	7.054	25.122
1209	2013-05-20T14:30:40Z	61.188	7.017	25.295
1210	2013-05-20T15:00:40Z	62.015	7.022	25.302
1211	2013-05-20T15:30:40Z	66.381	7.076	25.091
1212	2013-05-20T16:00:40Z	60.438	6.987	25.338
1213	2013-05-20T16:30:40Z	63.129	7.031	25.234
1214	2013-05-20T17:00:40Z	59.972	6.967	25.337
1215	2013-05-20T17:30:40Z	65.709	7.094	25.152
1216	2013-05-20T18:00:40Z	59.426	7.003	25.254
1217	2013-05-20T18:30:40Z	62.474	7.064	25.261
1218	2013-05-20T19:00:40Z	63.817	7.075	25.209
1219	2013-05-20T19:30:40Z	67.443	7.140	25.122
1220	2013-05-20T20:00:40Z	70.072	7.179	25.004
1221	2013-05-20T20:30:40Z	63.974	7.119	25.102
1222	2013-05-20T21:00:40Z	68.067	7.161	25.075
1223	2013-05-20T21:30:40Z	72.695	7.222	25.104
1224	2013-05-20T22:00:40Z	71.633	7.195	24.987
1225	2013-05-20T22:30:40Z	72.333	7.161	24.776
1226	2013-05-20T23:00:40Z	76.593	7.131	24.888
1227	2013-05-20T23:30:40Z	78.243	7.095	24.823
1228	2013-05-21T00:00:40Z	77.771	7.080	24.812
1229	2013-05-21T00:30:40Z	76.842	7.071	24.848
1230	2013-05-21T01:00:40Z	75.717	7.046	24.821
1231	2013-05-21T01:30:40Z	80.970	7.108	24.779
1232	2013-05-21T02:00:40Z	68.763	7.089	25.076
1233	2013-05-21T02:30:40Z	67.518	7.109	25.028
1234	2013-05-21T03:00:40Z	66.934	7.132	25.124
1235	2013-05-21T03:30:40Z	65.902	7.149	25.096
1236	2013-05-21T04:00:40Z	65.941	7.131	25.125
1237	2013-05-21T04:30:40Z	60.506	7.010	25.429
1238	2013-05-21T05:00:40Z	53.647	6.855	25.601
1239	2013-05-21T05:30:40Z	54.002	6.860	25.523
1240	2013-05-21T06:00:40Z	57.647	6.921	25.389
1241	2013-05-21T06:30:40Z	56.850	6.880	25.437
1242	2013-05-21T07:00:40Z	58.787	6.947	25.319
1243	2013-05-21T07:30:40Z	62.084	7.029	25.197
1244	2013-05-21T08:00:40Z	65.680	7.053	25.163
1245	2013-05-21T08:30:40Z	66.607	7.034	25.154
1246	2013-05-21T09:00:40Z	67.731	7.040	25.156
1247	2013-05-21T09:30:40Z	69.816	7.112	25.087
1248	2013-05-21T10:00:40Z	71.347	7.203	24.989
1249	2013-05-21T10:30:40Z	76.586	7.294	24.683
1250	2013-05-21T11:00:40Z	81.611	7.314	24.597
1251	2013-05-21T11:30:40Z	84.126	7.314	24.598
1252	2013-05-21T12:00:40Z	84.813	7.400	24.558
1253	2013-05-21T12:30:40Z	83.625	7.288	24.629
1254	2013-05-21T13:00:40Z	83.492	7.231	24.689
1255	2013-05-21T13:30:40Z	83.890	7.156	24.704
1256	2013-05-21T14:00:40Z	81.089	7.109	24.851
1257	2013-05-21T14:30:40Z	74.234	7.071	24.894
1258	2013-05-21T15:00:40Z	70.154	7.143	24.990
1259	2013-05-21T15:30:40Z	63.790	7.059	25.147
1260	2013-05-21T16:00:40Z	65.166	7.114	25.040
1261	2013-05-21T16:30:40Z	64.139	7.128	25.175
1262	2013-05-21T17:00:40Z	63.359	6.993	25.235
1263	2013-05-21T17:30:40Z	66.659	7.047	25.096
1264	2013-05-21T18:00:40Z	67.422	7.065	25.069
1265	2013-05-21T18:30:40Z	63.759	7.001	25.070
1266	2013-05-21T19:00:40Z	61.709	6.955	25.180
1267	2013-05-21T19:30:40Z	63.561	6.991	25.170
1268	2013-05-21T20:00:40Z	65.755	6.992	25.104
1269	2013-05-21T20:30:40Z	65.801	7.036	25.174
1270	2013-05-21T21:00:40Z	63.914	7.046	25.158
1271	2013-05-21T21:30:40Z	66.220	7.206	25.094
1272	2013-05-21T22:00:40Z	73.429	7.191	24.917
1273	2013-05-21T22:30:40Z	75.268	7.290	24.872
1274	2013-05-21T23:00:40Z	75.914	7.306	24.870
1275	2013-05-21T23:30:40Z	79.027	7.288	24.603
1276	2013-05-22T00:00:40Z	79.975	7.309	24.679
1277	2013-05-22T00:30:40Z	84.348	7.329	24.569
1278	2013-05-22T01:00:40Z	82.827	7.305	24.758
1279	2013-05-22T01:30:40Z	82.523	7.256	24.662
1280	2013-05-22T02:00:40Z	81.165	7.242	24.728
1281	2013-05-22T02:30:40Z	71.179	7.128	25.030
1282	2013-05-22T03:00:40Z	74.703	7.153	24.899
1283	2013-05-22T03:30:40Z	68.910	7.235	24.997
1284	2013-05-22T04:00:40Z	68.087	7.217	25.105
1285	2013-05-22T04:30:40Z	61.096	7.055	25.395
1286	2013-05-22T05:00:40Z	55.436	6.930	25.389
1287	2013-05-22T05:30:40Z	58.636	6.961	25.269
1288	2013-05-22T06:00:40Z	64.104	7.008	25.056
1289	2013-05-22T06:30:40Z	67.817	7.003	25.111
1290	2013-05-22T07:00:40Z	71.523	7.065	25.026
1291	2013-05-22T07:30:40Z	69.544	7.104	25.050
1292	2013-05-22T08:00:40Z	69.740	7.141	24.974
1293	2013-05-22T08:30:40Z	64.002	7.101	25.095
1294	2013-05-22T09:00:40Z	64.976	7.040	25.128
1295	2013-05-22T09:30:40Z	62.581	7.051	25.155
1296	2013-05-22T10:00:40Z	59.593	6.998	25.234
1297	2013-05-22T10:30:40Z	65.237	7.150	25.083
1298	2013-05-22T11:00:40Z	73.938	7.230	24.980
1299	2013-05-22T11:30:40Z	76.858	7.221	24.728
1300	2013-05-22T12:00:40Z	79.416	7.195	24.733
1301	2013-05-22T12:30:40Z	79.221	7.212	24.686
1302	2013-05-22T13:00:40Z	80.303	7.238	24.737
1303	2013-05-22T13:30:40Z	80.892	7.321	24.671
1304	2013-05-22T14:00:40Z	79.483	7.224	24.724
1305	2013-05-22T14:30:40Z	78.519	7.172	24.855
1306	2013-05-22T15:00:40Z	78.635	7.170	24.794
1307	2013-05-22T15:30:40Z	74.936	7.166	24.901
1308	2013-05-22T16:00:40Z	59.187	7.010	25.373
1309	2013-05-22T16:30:40Z	59.955	7.004	25.322
1310	2013-05-22T17:00:40Z	60.211	6.988	25.227
1311	2013-05-22T17:30:40Z	56.036	6.927	25.405
1312	2013-05-22T18:00:40Z	54.697	6.909	25.411
1313	2013-05-22T18:30:40Z	64.956	6.979	25.126
1314	2013-05-22T19:00:40Z	67.556	7.046	25.011
1315	2013-05-22T19:30:40Z	68.951	7.061	24.934
1316	2013-05-22T20:00:40Z	69.880	7.076	24.962
1317	2013-05-22T20:30:40Z	72.516	7.105	24.951
1318	2013-05-22T21:00:40Z	70.303	7.088	24.933
1319	2013-05-22T21:30:40Z	70.087	7.069	24.970
1320	2013-05-22T22:00:40Z	74.587	7.088	24.905
1321	2013-05-22T22:30:40Z	75.307	7.096	24.920
1322	2013-05-22T23:00:40Z	78.087	7.145	24.777
1323	2013-05-22T23:30:40Z	78.953	7.204	24.718
1324	2013-05-23T00:00:40Z	80.955	7.295	24.628
1325	2013-05-23T00:30:40Z	81.943	7.442	24.613
1326	2013-05-23T01:00:40Z	81.427	7.461	24.641
1327	2013-05-23T01:30:40Z	82.209	7.522	24.658
1328	2013-05-23T02:00:40Z	79.900	7.424	24.615
1329	2013-05-23T02:30:40Z	75.336	7.268	24.894
1330	2013-05-23T03:00:40Z	66.631	7.196	25.027
1331	2013-05-23T03:30:40Z	70.515	7.127	24.911
1332	2013-05-23T04:00:40Z	63.421	7.038	25.068
1333	2013-05-23T04:30:40Z	64.463	7.020	25.120
1334	2013-05-23T05:00:40Z	64.246	7.001	25.169
1335	2013-05-23T05:30:40Z	61.761	7.024	25.174
1336	2013-05-23T06:00:40Z	61.239	7.060	25.204
1337	2013-05-23T06:30:40Z	64.382	7.132	25.016
1338	2013-05-23T07:00:40Z	70.540	7.237	24.927
1339	2013-05-23T07:30:40Z	73.990	7.227	24.814
1340	2013-05-23T08:00:40Z	69.954	7.232	24.977
1341	2013-05-23T08:30:40Z	64.150	7.133	25.065
1342	2013-05-23T09:00:40Z	72.234	7.166	25.051
1343	2013-05-23T09:30:40Z	61.161	7.080	25.166
1344	2013-05-23T10:00:40Z	66.405	7.108	25.098
1345	2013-05-23T10:30:40Z	62.562	7.033	25.253
1346	2013-05-23T11:00:40Z	64.242	7.035	25.097
1347	2013-05-23T11:30:40Z	57.407	6.943	25.327
1348	2013-05-23T12:00:40Z	66.446	7.042	25.100
1349	2013-05-23T12:30:40Z	66.261	7.102	25.045
1350	2013-05-23T13:00:40Z	72.699	7.197	24.854
1351	2013-05-23T13:30:40Z	74.892	7.196	24.814
1352	2013-05-23T14:00:40Z	73.896	7.166	24.900
1353	2013-05-23T14:30:40Z	71.853	7.172	24.963
1354	2013-05-23T15:00:40Z	65.310	7.115	25.119
1355	2013-05-23T15:30:40Z	62.125	7.106	25.103
1356	2013-05-23T16:00:40Z	57.695	6.995	25.360
1357	2013-05-23T16:30:40Z	55.479	6.808	25.703
1358	2013-05-23T17:00:40Z	49.243	6.753	25.535
1359	2013-05-23T17:30:40Z	52.718	6.836	25.450
1360	2013-05-23T18:00:40Z	51.736	6.760	25.754
1361	2013-05-23T18:30:40Z	47.623	6.749	25.627
1362	2013-05-23T19:00:40Z	42.960	6.684	25.677
1363	2013-05-23T19:30:40Z	50.462	6.803	25.494
1364	2013-05-23T20:00:40Z	46.719	6.816	25.434
1365	2013-05-23T20:30:40Z	54.788	6.908	25.286
1366	2013-05-23T21:00:40Z	64.751	7.079	25.115
1367	2013-05-23T21:30:40Z	64.270	7.097	25.092
1368	2013-05-23T22:00:40Z	68.060	7.164	25.023
1369	2013-05-23T22:30:40Z	66.682	7.147	25.001
1370	2013-05-23T23:00:40Z	69.956	7.192	24.926
1371	2013-05-23T23:30:40Z	74.172	7.214	24.832
1372	2013-05-24T00:00:40Z	77.761	7.331	24.775
1373	2013-05-24T00:30:40Z	77.520	7.348	24.705
1374	2013-05-24T01:00:40Z	79.760	7.438	24.661
1375	2013-05-24T01:30:40Z	76.679	7.520	24.680
1376	2013-05-24T02:00:40Z	78.747	7.578	24.698
1377	2013-05-24T02:30:40Z	78.399	7.589	24.668
1378	2013-05-24T03:00:40Z	80.099	7.642	24.649
1379	2013-05-24T03:30:40Z	80.951	7.677	24.668
1380	2013-05-24T04:00:40Z	81.585	7.705	24.639
1381	2013-05-24T04:30:40Z	81.544	7.694	24.570
1382	2013-05-24T05:00:40Z	81.079	7.675	24.650
1383	2013-05-24T05:30:40Z	78.791	7.609	24.683
1384	2013-05-24T06:00:40Z	79.334	7.627	24.657
1385	2013-05-24T06:30:40Z	76.574	7.492	24.690
1386	2013-05-24T07:00:40Z	79.235	7.556	24.652
1387	2013-05-24T07:30:40Z	80.165	7.562	24.577
1388	2013-05-24T08:00:40Z	80.204	7.554	24.621
1389	2013-05-24T08:30:40Z	79.028	7.483	24.679
1390	2013-05-24T09:00:40Z	77.007	7.388	24.771
1391	2013-05-24T09:30:40Z	74.990	7.267	24.864
1392	2013-05-24T10:00:40Z	64.460	7.134	25.068
1393	2013-05-24T10:30:40Z	68.127	7.171	25.008
1394	2013-05-24T11:00:40Z	75.762	7.273	24.814
1395	2013-05-24T11:30:40Z	71.158	7.223	24.854
1396	2013-05-24T12:00:40Z	72.255	7.263	24.831
1397	2013-05-24T12:30:40Z	76.814	7.342	24.712
1398	2013-05-24T13:00:40Z	78.520	7.367	24.641
1399	2013-05-24T13:30:40Z	78.319	7.371	24.664
1400	2013-05-24T14:00:40Z	79.329	7.388	24.693
1401	2013-05-24T14:30:40Z	79.043	7.367	24.792
1402	2013-05-24T15:00:40Z	74.537	7.321	24.762
1403	2013-05-24T15:30:40Z	74.851	7.303	24.817
1404	2013-05-24T16:00:40Z	73.115	7.285	24.790
1405	2013-05-24T16:30:40Z	71.801	7.231	24.841
1406	2013-05-24T17:00:40Z	68.245	7.135	25.090
1407	2013-05-24T17:30:40Z	57.941	6.997	25.283
1408	2013-05-24T18:00:40Z	53.968	6.910	25.426
1409	2013-05-24T18:30:40Z	50.114	6.884	25.516
1410	2013-05-24T19:00:40Z	55.535	6.951	25.307
1411	2013-05-24T19:30:40Z	61.140	7.029	25.073
1412	2013-05-24T20:00:40Z	65.445	7.091	24.978
1413	2013-05-24T20:30:40Z	68.453	7.126	24.961
1414	2013-05-24T21:00:40Z	68.530	7.126	24.959
1415	2013-05-24T21:30:40Z	68.366	7.096	25.043
1416	2013-05-24T22:00:40Z	67.940	7.096	24.955
1417	2013-05-24T22:30:40Z	69.981	7.136	24.987
1418	2013-05-24T23:00:40Z	70.834	7.161	24.897
1419	2013-05-24T23:30:40Z	71.987	7.224	24.848
1420	2013-05-25T00:00:40Z	72.760	7.226	24.813
1421	2013-05-25T00:30:40Z	77.054	7.329	24.724
1422	2013-05-25T01:00:40Z	80.282	7.504	24.635
1423	2013-05-25T01:30:40Z	79.693	7.503	24.664
1424	2013-05-25T02:00:40Z	79.490	7.468	24.657
1425	2013-05-25T02:30:40Z	78.403	7.413	24.704
1426	2013-05-25T03:00:40Z	75.543	7.320	24.772
1427	2013-05-25T03:30:40Z	68.817	7.270	24.979
1428	2013-05-25T04:00:40Z	59.334	7.111	25.146
1429	2013-05-25T04:30:40Z	63.039	7.113	25.023
1430	2013-05-25T05:00:40Z	64.492	7.129	25.170
1431	2013-05-25T05:30:40Z	65.496	7.150	25.039
1432	2013-05-25T06:00:40Z	58.699	7.096	25.218
1433	2013-05-25T06:30:40Z	57.305	7.060	25.318
1434	2013-05-25T07:00:40Z	54.193	7.041	25.345
1435	2013-05-25T07:30:40Z	57.791	7.074	25.199
1436	2013-05-25T08:00:40Z	61.536	7.122	25.097
1437	2013-05-25T08:30:40Z	66.172	7.176	24.943
1438	2013-05-25T09:00:40Z	68.537	7.194	24.944
1439	2013-05-25T09:30:40Z	71.283	7.243	24.814
1440	2013-05-25T10:00:40Z	73.542	7.274	24.772
1441	2013-05-25T10:30:40Z	74.371	7.306	24.676
1442	2013-05-25T11:00:40Z	76.211	7.325	24.794
1443	2013-05-25T11:30:40Z	74.925	7.311	24.782
1444	2013-05-25T12:00:40Z	76.719	7.364	24.709
1445	2013-05-25T12:30:40Z	77.396	7.362	24.699
1446	2013-05-25T13:00:40Z	79.140	7.395	24.790
1447	2013-05-25T13:30:40Z	78.016	7.385	24.692
1448	2013-05-25T14:00:40Z	80.764	7.552	24.647
1449	2013-05-25T14:30:40Z	79.976	7.617	24.660
1450	2013-05-25T15:00:40Z	81.177	7.700	24.587
1451	2013-05-25T15:30:40Z	80.737	7.714	24.587
1452	2013-05-25T16:00:40Z	79.294	7.686	24.624
1453	2013-05-25T16:30:40Z	80.483	7.708	24.615
1454	2013-05-25T17:00:40Z	78.893	7.621	24.661
1455	2013-05-25T17:30:40Z	79.474	7.643	24.608
1456	2013-05-25T18:00:40Z	78.860	7.621	24.635
1457	2013-05-25T18:30:40Z	77.812	7.516	24.692
1458	2013-05-25T19:00:40Z	78.419	7.593	24.671
1459	2013-05-25T19:30:40Z	75.395	7.334	24.868
1460	2013-05-25T20:00:40Z	73.271	7.306	24.854
1461	2013-05-25T20:30:40Z	74.523	7.319	24.813
1462	2013-05-25T21:00:40Z	75.253	7.222	24.846
1463	2013-05-25T21:30:40Z	65.391	7.100	24.990
1464	2013-05-25T22:00:40Z	67.905	7.089	25.076
1465	2013-05-25T22:30:40Z	64.474	7.112	25.227
1466	2013-05-25T23:00:40Z	65.007	7.119	25.171
1467	2013-05-25T23:30:40Z	55.913	6.987	25.306
1468	2013-05-26T00:00:40Z	59.522	7.032	25.273
1469	2013-05-26T00:30:40Z	61.754	7.050	25.057
1470	2013-05-26T01:00:40Z	61.988	7.047	25.234
1471	2013-05-26T01:30:40Z	68.335	7.154	25.035
1472	2013-05-26T02:00:40Z	65.104	7.091	25.088
1473	2013-05-26T02:30:40Z	65.605	7.143	25.125
1474	2013-05-26T03:00:40Z	73.415	7.212	24.884
1475	2013-05-26T03:30:40Z	71.399	7.204	24.947
1476	2013-05-26T04:00:40Z	69.358	7.166	24.894
1477	2013-05-26T04:30:40Z	73.986	7.276	24.815
1478	2013-05-26T05:00:40Z	73.388	7.255	24.879
1479	2013-05-26T05:30:40Z	67.478	7.179	24.982
1480	2013-05-26T06:00:40Z	63.983	7.108	25.214
1481	2013-05-26T06:30:40Z	54.328	6.980	25.347
1482	2013-05-26T07:00:40Z	55.257	7.006	25.237
1483	2013-05-26T07:30:40Z	56.674	7.038	25.238
1484	2013-05-26T08:00:40Z	55.360	7.015	25.309
1485	2013-05-26T08:30:40Z	55.022	7.006	25.359
1486	2013-05-26T09:00:40Z	56.017	7.013	25.362
1487	2013-05-26T09:30:40Z	65.757	7.098	24.957
1488	2013-05-26T10:00:40Z	68.380	7.138	25.005
1489	2013-05-26T10:30:40Z	72.952	7.197	24.945
1490	2013-05-26T11:00:40Z	76.417	7.268	24.757
1491	2013-05-26T11:30:40Z	74.384	7.233	24.805
1492	2013-05-26T12:00:40Z	69.131	7.155	24.954
1493	2013-05-26T12:30:40Z	72.251	7.180	24.893
1494	2013-05-26T13:00:40Z	75.305	7.206	24.766
1495	2013-05-26T13:30:40Z	80.690	7.419	24.718
1496	2013-05-26T14:00:40Z	81.338	7.480	24.604
1497	2013-05-26T14:30:40Z	78.636	7.375	24.729
1498	2013-05-26T15:00:40Z	73.796	7.405	24.764
1499	2013-05-26T15:30:40Z	77.402	7.555	24.706
1500	2013-05-26T16:00:40Z	74.794	7.624	24.684
1501	2013-05-26T16:30:40Z	76.465	7.729	24.663
1502	2013-05-26T17:00:40Z	73.461	7.693	24.710
1503	2013-05-26T17:30:40Z	76.514	7.793	24.623
1504	2013-05-26T18:00:40Z	76.634	7.810	24.651
1505	2013-05-26T18:30:40Z	76.561	7.799	24.551
1506	2013-05-26T19:00:40Z	77.189	7.778	24.632
1507	2013-05-26T19:30:40Z	75.746	7.679	24.765
1508	2013-05-26T20:00:40Z	76.095	7.650	24.724
1509	2013-05-26T20:30:40Z	78.446	7.655	24.645
1510	2013-05-26T21:00:40Z	77.345	7.578	24.695
1511	2013-05-26T21:30:40Z	74.152	7.513	24.733
1512	2013-05-26T22:00:40Z	79.289	7.564	24.600
1513	2013-05-26T22:30:40Z	64.272	7.339	25.046
1514	2013-05-26T23:00:40Z	66.992	7.304	25.066
1515	2013-05-26T23:30:40Z	58.025	7.089	25.212
1516	2013-05-27T00:00:40Z	56.302	7.019	25.202
1517	2013-05-27T00:30:40Z	61.343	7.126	25.062
1518	2013-05-27T01:00:40Z	68.678	7.176	24.976
1519	2013-05-27T01:30:40Z	65.809	7.152	24.925
1520	2013-05-27T02:00:40Z	70.290	7.304	24.885
1521	2013-05-27T02:30:40Z	74.795	7.436	24.772
1522	2013-05-27T03:00:40Z	76.589	7.448	24.710
1523	2013-05-27T03:30:40Z	76.001	7.447	24.831
1524	2013-05-27T04:00:40Z	72.602	7.405	24.749
1525	2013-05-27T04:30:40Z	71.742	7.357	24.787
1526	2013-05-27T05:00:40Z	71.539	7.351	24.811
1527	2013-05-27T05:30:40Z	69.733	7.252	24.985
1528	2013-05-27T06:00:40Z	64.621	7.149	25.066
1529	2013-05-27T06:30:40Z	49.918	6.918	25.651
1530	2013-05-27T07:00:40Z	39.107	6.675	25.914
1531	2013-05-27T07:30:40Z	31.248	6.516	25.998
1532	2013-05-27T08:00:40Z	40.070	6.656	25.724
1533	2013-05-27T08:30:40Z	41.502	6.735	25.683
1534	2013-05-27T09:00:40Z	43.753	6.773	25.616
1535	2013-05-27T09:30:40Z	43.658	6.796	25.560
1536	2013-05-27T10:00:40Z	46.497	6.858	25.582
1537	2013-05-27T10:30:40Z	50.123	6.869	25.628
1538	2013-05-27T11:00:40Z	45.231	6.800	25.582
1539	2013-05-27T11:30:40Z	49.477	6.842	25.356
1540	2013-05-27T12:00:40Z	54.191	6.861	25.287
1541	2013-05-27T12:30:40Z	59.776	6.956	25.105
1542	2013-05-27T13:00:40Z	66.365	7.063	25.000
1543	2013-05-27T13:30:40Z	69.315	7.135	24.938
1544	2013-05-27T14:00:40Z	70.920	7.151	24.949
1545	2013-05-27T14:30:40Z	67.893	7.138	25.062
1546	2013-05-27T15:00:40Z	71.067	7.195	24.850
1547	2013-05-27T15:30:40Z	75.129	7.276	24.731
1548	2013-05-27T16:00:40Z	79.293	7.351	24.653
1549	2013-05-27T16:30:40Z	77.287	7.321	24.843
1550	2013-05-27T17:00:40Z	59.024	6.968	25.197
1551	2013-05-27T17:30:40Z	60.839	7.007	25.079
1552	2013-05-27T18:00:40Z	64.338	7.112	25.039
1553	2013-05-27T18:30:40Z	62.557	7.053	25.063
1554	2013-05-27T19:00:40Z	56.170	7.129	25.225
1555	2013-05-27T19:30:40Z	49.019	7.156	25.358
1556	2013-05-27T20:00:40Z	54.035	7.223	25.303
1557	2013-05-27T20:30:40Z	59.083	7.288	25.099
1558	2013-05-27T21:00:40Z	56.635	7.269	25.194
1559	2013-05-27T21:30:40Z	60.552	7.345	25.033
1560	2013-05-27T22:00:40Z	59.106	7.316	25.097
1561	2013-05-27T22:30:40Z	59.736	7.340	25.094
1562	2013-05-27T23:00:40Z	60.677	7.363	25.085
1563	2013-05-27T23:30:40Z	61.284	7.410	25.015
1564	2013-05-28T00:00:40Z	59.920	7.424	25.053
1565	2013-05-28T00:30:40Z	58.294	7.408	25.062
1566	2013-05-28T01:00:40Z	61.177	7.354	25.052
1567	2013-05-28T01:30:40Z	59.229	7.364	25.071
1568	2013-05-28T02:00:40Z	56.873	7.353	25.143
1569	2013-05-28T02:30:40Z	65.951	7.419	24.951
1570	2013-05-28T03:00:40Z	73.471	7.486	24.822
1571	2013-05-28T03:30:40Z	75.438	7.503	24.733
1572	2013-05-28T04:00:40Z	79.583	7.632	24.607
1573	2013-05-28T04:30:40Z	80.428	7.560	24.612
1574	2013-05-28T05:00:40Z	77.323	7.522	24.689
1575	2013-05-28T05:30:40Z	76.868	7.445	24.670
1576	2013-05-28T06:00:40Z	75.532	7.461	24.711
1577	2013-05-28T06:30:40Z	76.280	7.499	24.690
1578	2013-05-28T07:00:40Z	69.598	7.599	24.819
1579	2013-05-28T07:30:40Z	67.554	7.591	24.854
1580	2013-05-28T08:00:40Z	67.038	7.430	24.908
1581	2013-05-28T08:30:40Z	68.716	7.302	24.778
1582	2013-05-28T09:00:40Z	65.708	7.086	24.858
1583	2013-05-28T09:30:40Z	64.426	7.021	24.989
1584	2013-05-28T10:00:40Z	69.063	7.112	24.883
1585	2013-05-28T10:30:40Z	72.510	7.218	24.775
1586	2013-05-28T11:00:40Z	70.055	7.144	24.869
1587	2013-05-28T11:30:40Z	65.760	7.052	25.044
1588	2013-05-28T12:00:40Z	67.749	7.056	24.918
1589	2013-05-28T12:30:40Z	67.965	7.069	24.934
1590	2013-05-28T13:00:40Z	65.742	7.026	24.991
1591	2013-05-28T13:30:40Z	64.693	7.030	24.997
1592	2013-05-28T14:00:40Z	67.407	7.030	24.985
1593	2013-05-28T14:30:40Z	69.474	7.066	24.946
1594	2013-05-28T15:00:40Z	70.084	7.145	24.849
1595	2013-05-28T15:30:40Z	70.306	7.145	24.847
1596	2013-05-28T16:00:40Z	71.117	7.167	24.824
1597	2013-05-28T16:30:40Z	70.356	7.168	24.843
1598	2013-05-28T17:00:40Z	74.966	7.289	24.741
1599	2013-05-28T17:30:40Z	77.613	7.369	24.636
1600	2013-05-28T18:00:40Z	74.021	7.299	24.681
1601	2013-05-28T18:30:40Z	76.086	7.338	24.738
1602	2013-05-28T19:00:40Z	77.970	7.408	24.620
1603	2013-05-28T19:30:40Z	74.210	7.269	24.721
1604	2013-05-28T20:00:40Z	71.671	7.218	24.777
1605	2013-05-28T20:30:40Z	70.791	7.187	24.813
1606	2013-05-28T21:00:40Z	69.532	7.116	24.860
1607	2013-05-28T21:30:40Z	68.133	7.047	24.916
1608	2013-05-28T22:00:40Z	68.506	7.093	24.921
1609	2013-05-28T22:30:40Z	66.763	7.009	24.947
1610	2013-05-28T23:00:40Z	69.751	7.108	24.906
1611	2013-05-28T23:30:40Z	69.884	7.136	24.809
1612	2013-05-29T00:00:40Z	68.066	7.064	24.955
1613	2013-05-29T00:30:40Z	66.563	7.031	24.978
1614	2013-05-29T01:00:40Z	66.105	7.020	24.987
1615	2013-05-29T01:30:40Z	66.242	7.025	24.988
1616	2013-05-29T02:00:40Z	65.589	7.003	25.043
1617	2013-05-29T02:30:40Z	64.545	7.015	24.945
1618	2013-05-29T03:00:40Z	69.876	7.143	24.783
1619	2013-05-29T03:30:40Z	71.440	7.189	24.804
1620	2013-05-29T04:00:40Z	71.736	7.220	24.752
1621	2013-05-29T04:30:40Z	70.906	7.164	24.858
1622	2013-05-29T05:00:40Z	71.664	7.236	24.721
1623	2013-05-29T05:30:40Z	74.248	7.332	24.616
1624	2013-05-29T06:00:40Z	76.123	7.457	24.582
1625	2013-05-29T06:30:40Z	75.559	7.384	24.635
1626	2013-05-29T07:00:40Z	73.637	7.294	24.716
1627	2013-05-29T07:30:40Z	71.568	7.199	24.808
1628	2013-05-29T08:00:40Z	67.780	7.109	24.919
1629	2013-05-29T08:30:40Z	59.751	6.970	25.230
1630	2013-05-29T09:00:40Z	55.658	6.934	25.243
1631	2013-05-29T09:30:40Z	58.253	6.972	25.194
1632	2013-05-29T10:00:40Z	60.829	6.983	25.080
1633	2013-05-29T10:30:40Z	62.614	6.982	25.093
1634	2013-05-29T11:00:40Z	60.720	6.965	25.108
1635	2013-05-29T11:30:40Z	61.405	6.954	25.070
1636	2013-05-29T12:00:40Z	61.308	6.942	25.060
1637	2013-05-29T12:30:40Z	62.213	7.036	25.005
1638	2013-05-29T13:00:40Z	66.805	7.071	24.924
1639	2013-05-29T13:30:40Z	67.257	7.066	25.011
1640	2013-05-29T14:00:40Z	64.611	7.057	25.027
1641	2013-05-29T14:30:40Z	63.761	7.030	24.982
1642	2013-05-29T15:00:40Z	67.048	7.083	24.911
1643	2013-05-29T15:30:40Z	68.985	7.124	24.883
1644	2013-05-29T16:00:40Z	72.188	7.205	24.810
1645	2013-05-29T16:30:40Z	74.040	7.266	24.698
1646	2013-05-29T17:00:40Z	75.673	7.332	24.662
1647	2013-05-29T17:30:40Z	74.836	7.320	24.731
1648	2013-05-29T18:00:40Z	74.203	7.296	24.744
1649	2013-05-29T18:30:40Z	75.823	7.344	24.656
1650	2013-05-29T19:00:40Z	74.425	7.312	24.736
1651	2013-05-29T19:30:40Z	71.929	7.231	24.726
1652	2013-05-29T20:00:40Z	71.103	7.195	24.817
1653	2013-05-29T20:30:40Z	69.494	7.151	24.823
1654	2013-05-29T21:00:40Z	67.827	7.108	24.926
1655	2013-05-29T21:30:40Z	68.755	7.095	24.954
1656	2013-05-29T22:00:40Z	68.259	7.074	24.937
1657	2013-05-29T22:30:40Z	65.715	7.042	25.049
1658	2013-05-29T23:00:40Z	64.871	7.024	25.101
1659	2013-05-29T23:30:40Z	63.690	6.998	25.272
1660	2013-05-30T00:00:40Z	59.268	6.979	25.247
1661	2013-05-30T00:30:40Z	56.896	6.972	25.339
1662	2013-05-30T01:00:40Z	52.988	6.961	25.311
1663	2013-05-30T01:30:40Z	57.122	6.965	25.227
1664	2013-05-30T02:00:40Z	60.728	6.971	25.179
1665	2013-05-30T02:30:40Z	59.827	6.970	25.166
1666	2013-05-30T03:00:40Z	59.395	6.968	25.221
1667	2013-05-30T03:30:40Z	60.468	6.974	25.226
1668	2013-05-30T04:00:40Z	62.221	7.022	25.030
1669	2013-05-30T04:30:40Z	64.656	7.077	24.971
1670	2013-05-30T05:00:40Z	69.237	7.124	24.843
1671	2013-05-30T05:30:40Z	71.286	7.196	24.704
1672	2013-05-30T06:00:40Z	71.565	7.243	24.764
1673	2013-05-30T06:30:40Z	73.844	7.290	24.692
1674	2013-05-30T07:00:40Z	70.350	7.274	24.785
1675	2013-05-30T07:30:40Z	72.836	7.299	24.722
1676	2013-05-30T08:00:40Z	72.871	7.289	24.683
1677	2013-05-30T08:30:40Z	70.686	7.289	24.851
1678	2013-05-30T09:00:40Z	65.240	7.333	24.958
1679	2013-05-30T09:30:40Z	63.590	7.264	25.092
1680	2013-05-30T10:00:40Z	58.188	7.255	25.069
1681	2013-05-30T10:30:40Z	59.479	7.236	25.039
1682	2013-05-30T11:00:40Z	61.250	7.187	24.981
1683	2013-05-30T11:30:40Z	57.922	7.175	25.118
1684	2013-05-30T12:00:40Z	58.296	7.079	25.104
1685	2013-05-30T12:30:40Z	55.652	7.086	25.164
1686	2013-05-30T13:00:40Z	60.254	7.074	25.074
1687	2013-05-30T13:30:40Z	60.493	7.080	25.035
1688	2013-05-30T14:00:40Z	59.150	7.046	25.092
1689	2013-05-30T14:30:40Z	58.363	7.014	25.097
1690	2013-05-30T15:00:40Z	57.751	7.013	25.102
1691	2013-05-30T15:30:40Z	57.721	7.016	25.047
1692	2013-05-30T16:00:40Z	56.552	7.014	25.114
1693	2013-05-30T16:30:40Z	59.639	7.021	25.096
1694	2013-05-30T17:00:40Z	59.718	7.032	25.043
1695	2013-05-30T17:30:40Z	62.489	7.111	25.100
1696	2013-05-30T18:00:40Z	62.711	7.288	24.923
1697	2013-05-30T18:30:40Z	64.411	7.346	24.835
1698	2013-05-30T19:00:40Z	70.268	7.326	24.838
1699	2013-05-30T19:30:40Z	72.715	7.308	24.699
1700	2013-05-30T20:00:40Z	71.379	7.368	24.783
1701	2013-05-30T20:30:40Z	67.883	7.420	24.841
1702	2013-05-30T21:00:40Z	66.666	7.424	24.892
1703	2013-05-30T21:30:40Z	64.477	7.319	24.929
1704	2013-05-30T22:00:40Z	63.279	7.236	24.960
1705	2013-05-30T22:30:40Z	62.432	7.180	24.937
1706	2013-05-30T23:00:40Z	60.376	7.131	25.027
1707	2013-05-30T23:30:40Z	59.115	7.163	25.081
1708	2013-05-31T00:00:40Z	58.911	7.149	25.128
1709	2013-05-31T00:30:40Z	58.376	7.118	25.098
1710	2013-05-31T01:00:40Z	58.502	7.141	25.080
1711	2013-05-31T01:30:40Z	60.665	7.238	24.994
1712	2013-05-31T02:00:40Z	59.862	7.271	25.001
1713	2013-05-31T02:30:40Z	60.394	7.274	25.034
1714	2013-05-31T03:00:40Z	59.075	7.082	25.071
1715	2013-05-31T03:30:40Z	56.453	7.033	25.141
1716	2013-05-31T04:00:40Z	57.798	7.039	25.089
1717	2013-05-31T04:30:40Z	61.312	7.092	25.023
1718	2013-05-31T05:00:40Z	61.951	7.240	24.930
1719	2013-05-31T05:30:40Z	62.972	7.327	24.980
1720	2013-05-31T06:00:40Z	62.752	7.348	24.917
1721	2013-05-31T06:30:40Z	64.096	7.406	24.855
1722	2013-05-31T07:00:40Z	65.866	7.426	24.836
1723	2013-05-31T07:30:40Z	72.484	7.367	24.721
1724	2013-05-31T08:00:40Z	71.917	7.369	24.732
1725	2013-05-31T08:30:40Z	68.538	7.343	24.829
1726	2013-05-31T09:00:40Z	69.770	7.342	24.792
1727	2013-05-31T09:30:40Z	69.076	7.351	24.892
1728	2013-05-31T10:00:40Z	66.799	7.425	24.809
1729	2013-05-31T10:30:40Z	65.509	7.391	24.870
1730	2013-05-31T11:00:40Z	66.850	7.459	24.810
1731	2013-05-31T11:30:40Z	67.410	7.357	24.811
1732	2013-05-31T12:00:40Z	67.191	7.374	24.896
1733	2013-05-31T12:30:40Z	65.738	7.398	24.794
1734	2013-05-31T13:00:40Z	66.458	7.407	24.824
1735	2013-05-31T13:30:40Z	65.484	7.384	24.882
1736	2013-05-31T14:00:40Z	66.661	7.397	24.806
1737	2013-05-31T14:30:40Z	66.967	7.396	24.830
1738	2013-05-31T15:00:40Z	67.190	7.355	24.898
1739	2013-05-31T15:30:40Z	66.115	7.334	24.832
1740	2013-05-31T16:00:40Z	64.953	7.368	24.840
1741	2013-05-31T16:30:40Z	64.625	7.313	24.867
1742	2013-05-31T17:00:40Z	64.244	7.374	24.898
1743	2013-05-31T17:30:40Z	64.830	7.421	24.875
1744	2013-05-31T18:00:40Z	66.261	7.437	24.817
1745	2013-05-31T18:30:40Z	65.279	7.472	24.785
1746	2013-05-31T19:00:40Z	65.018	7.498	24.705
1747	2013-05-31T19:30:40Z	67.638	7.496	24.745
1748	2013-05-31T20:00:40Z	68.853	7.493	24.748
1749	2013-05-31T20:30:40Z	70.302	7.507	24.752
1750	2013-05-31T21:00:40Z	71.389	7.521	24.680
1751	2013-05-31T21:30:40Z	70.092	7.478	24.695
1752	2013-05-31T22:00:40Z	70.218	7.470	24.739
1753	2013-05-31T22:30:40Z	69.401	7.500	24.762
1754	2013-05-31T23:00:40Z	68.045	7.451	24.816
1755	2013-05-31T23:30:40Z	65.154	7.340	24.874
1756	2013-06-01T00:00:40Z	57.366	7.159	25.164
1757	2013-06-01T00:30:40Z	47.016	6.921	25.437
1758	2013-06-01T01:00:40Z	46.031	6.907	25.447
1759	2013-06-01T01:30:40Z	48.862	6.889	25.360
1760	2013-06-01T02:00:40Z	55.805	7.037	25.316
1761	2013-06-01T02:30:40Z	54.379	7.031	25.225
1762	2013-06-01T03:00:40Z	56.459	7.068	25.216
1763	2013-06-01T03:30:40Z	55.692	7.037	25.190
1764	2013-06-01T04:00:40Z	49.932	6.970	25.256
1765	2013-06-01T04:30:40Z	56.093	7.056	25.126
1766	2013-06-01T05:00:40Z	62.986	7.254	24.929
1767	2013-06-01T05:30:40Z	63.771	7.273	24.941
1768	2013-06-01T06:00:40Z	66.497	7.351	24.889
1769	2013-06-01T06:30:40Z	67.751	7.390	24.841
1770	2013-06-01T07:00:40Z	67.855	7.402	24.824
1771	2013-06-01T07:30:40Z	69.200	7.415	24.693
1772	2013-06-01T08:00:40Z	70.495	7.441	24.724
1773	2013-06-01T08:30:40Z	70.374	7.452	24.701
1774	2013-06-01T09:00:40Z	72.225	7.477	24.622
1775	2013-06-01T09:30:40Z	71.153	7.475	24.671
1776	2013-06-01T10:00:40Z	71.095	7.471	24.740
1777	2013-06-01T10:30:40Z	70.399	7.450	24.745
1778	2013-06-01T11:00:40Z	67.118	7.388	24.825
1779	2013-06-01T11:30:40Z	65.708	7.297	24.891
1780	2013-06-01T12:00:40Z	61.058	7.174	25.034
1781	2013-06-01T12:30:40Z	61.277	7.158	24.917
1782	2013-06-01T13:00:40Z	61.147	7.171	25.013
1783	2013-06-01T13:30:40Z	59.280	7.180	25.046
1784	2013-06-01T14:00:40Z	61.695	7.231	24.990
1785	2013-06-01T14:30:40Z	63.042	7.261	24.914
1786	2013-06-01T15:00:40Z	61.642	7.207	25.018
1787	2013-06-01T15:30:40Z	60.200	7.168	25.027
1788	2013-06-01T16:00:40Z	62.198	7.173	24.935
1789	2013-06-01T16:30:40Z	59.184	7.148	25.046
1790	2013-06-01T17:00:40Z	60.482	7.152	25.001
1791	2013-06-01T17:30:40Z	58.968	7.143	25.084
1792	2013-06-01T18:00:40Z	54.903	7.083	25.093
1793	2013-06-01T18:30:40Z	59.507	7.107	25.077
1794	2013-06-01T19:00:40Z	60.778	7.152	24.982
1795	2013-06-01T19:30:40Z	62.813	7.174	24.926
1796	2013-06-01T20:00:40Z	65.721	7.220	24.924
1797	2013-06-01T20:30:40Z	67.650	7.263	24.841
1798	2013-06-01T21:00:40Z	71.412	7.304	24.635
1799	2013-06-01T21:30:40Z	73.553	7.348	24.616
1800	2013-06-01T22:00:40Z	72.097	7.320	24.723
1801	2013-06-01T22:30:40Z	71.278	7.281	24.786
1802	2013-06-01T23:00:40Z	70.058	7.267	24.777
1803	2013-06-01T23:30:40Z	70.295	7.259	24.764
1804	2013-06-02T00:00:40Z	70.353	7.253	24.780
1805	2013-06-02T00:30:40Z	67.393	7.206	24.890
1806	2013-06-02T01:00:40Z	66.026	7.212	24.883
1807	2013-06-02T01:30:40Z	62.441	7.162	25.004
1808	2013-06-02T02:00:40Z	58.486	7.107	25.043
1809	2013-06-02T02:30:40Z	59.616	7.121	24.994
1810	2013-06-02T03:00:40Z	63.459	7.187	24.860
1811	2013-06-02T03:30:40Z	66.061	7.253	24.787
1812	2013-06-02T04:00:40Z	65.010	7.317	24.931
1813	2013-06-02T04:30:40Z	65.415	7.327	24.934
1814	2013-06-02T05:00:40Z	59.946	7.337	24.924
1815	2013-06-02T05:30:40Z	60.584	7.264	24.939
1816	2013-06-02T06:00:40Z	59.629	7.162	25.033
1817	2013-06-02T06:30:40Z	57.772	7.118	25.051
1818	2013-06-02T07:00:40Z	59.255	7.117	25.043
1819	2013-06-02T07:30:40Z	59.924	7.139	25.013
1820	2013-06-02T08:00:40Z	62.108	7.149	25.003
1821	2013-06-02T08:30:40Z	63.078	7.177	24.900
1822	2013-06-02T09:00:40Z	66.273	7.238	24.813
1823	2013-06-02T09:30:40Z	68.905	7.294	24.762
1824	2013-06-02T10:00:40Z	72.065	7.324	24.710
1825	2013-06-02T10:30:40Z	72.605	7.364	24.638
1826	2013-06-02T11:00:40Z	72.800	7.390	24.610
1827	2013-06-02T11:30:40Z	69.628	7.383	24.741
1828	2013-06-02T12:00:40Z	70.372	7.320	24.732
1829	2013-06-02T12:30:40Z	69.303	7.261	24.772
1830	2013-06-02T13:00:40Z	63.283	7.177	24.938
1831	2013-06-02T13:30:40Z	62.133	7.231	25.040
1832	2013-06-02T14:00:40Z	56.919	7.294	25.046
1833	2013-06-02T14:30:40Z	55.187	7.236	25.086
1834	2013-06-02T15:00:40Z	54.216	7.240	25.088
1835	2013-06-02T15:30:40Z	54.177	7.198	25.084
1836	2013-06-02T16:00:40Z	54.874	7.138	25.141
1837	2013-06-02T16:30:40Z	56.784	7.105	25.124
1838	2013-06-02T17:00:40Z	56.376	7.055	25.139
1839	2013-06-02T17:30:40Z	52.112	6.997	25.297
1840	2013-06-02T18:00:40Z	49.521	6.992	25.342
1841	2013-06-02T18:30:40Z	52.515	7.090	25.213
1842	2013-06-02T19:00:40Z	55.116	7.116	25.171
1843	2013-06-02T19:30:40Z	54.247	7.125	25.128
1844	2013-06-02T20:00:40Z	55.196	7.138	25.093
1845	2013-06-02T20:30:40Z	56.981	7.193	25.104
1846	2013-06-02T21:00:40Z	64.918	7.206	24.866
1847	2013-06-02T21:30:40Z	62.426	7.202	25.032
1848	2013-06-02T22:00:40Z	65.424	7.208	24.872
1849	2013-06-02T22:30:40Z	65.131	7.205	24.861
1850	2013-06-02T23:00:40Z	66.882	7.205	24.837
1851	2013-06-02T23:30:40Z	62.803	7.155	24.872
1852	2013-06-03T00:00:40Z	66.790	7.266	24.802
1853	2013-06-03T00:30:40Z	69.875	7.376	24.738
1854	2013-06-03T01:00:40Z	67.774	7.346	24.731
1855	2013-06-03T01:30:40Z	67.107	7.418	24.785
1856	2013-06-03T02:00:40Z	60.553	7.413	24.916
1857	2013-06-03T02:30:40Z	63.658	7.508	24.836
1858	2013-06-03T03:00:40Z	63.730	7.534	24.788
1859	2013-06-03T03:30:40Z	62.811	7.522	24.790
1860	2013-06-03T04:00:40Z	64.313	7.482	24.678
1861	2013-06-03T04:30:40Z	69.345	7.397	24.715
1862	2013-06-03T05:00:40Z	70.209	7.370	24.664
1863	2013-06-03T05:30:40Z	70.146	7.367	24.736
1864	2013-06-03T06:00:40Z	67.868	7.415	24.697
1865	2013-06-03T06:30:40Z	68.522	7.457	24.764
1866	2013-06-03T07:00:40Z	64.445	7.494	24.769
1867	2013-06-03T07:30:40Z	64.852	7.433	24.819
1868	2013-06-03T08:00:40Z	66.539	7.331	24.749
1869	2013-06-03T08:30:40Z	68.691	7.351	24.695
1870	2013-06-03T09:00:40Z	70.015	7.375	24.675
1871	2013-06-03T09:30:40Z	67.847	7.384	24.782
1872	2013-06-03T10:00:40Z	70.271	7.424	24.617
1873	2013-06-03T10:30:40Z	71.246	7.422	24.651
1874	2013-06-03T11:00:40Z	71.225	7.455	24.689
1875	2013-06-03T11:30:40Z	72.249	7.494	24.631
